1 1
2 0
3 -1
4 -1
5 -2
6 -1
7 -2
8 -2
9 -2
10 -1
11 -2
12 -2
13 -3
14 -2
15 -1
16 -1
17 -2
18 -2
19 -3
20 -3
21 -2
22 -1
23 -2
24 -2
25 -2
26 -1
27 -1
28 -1
29 -2
30 -3
31 -4
32 -4
33 -3
34 -2
35 -1
36 -1
37 -2
38 -1
39 0
40 0
41 -1
42 -2
43 -3
44 -3
45 -3
46 -2
47 -3
48 -3
49 -3
50 -3
51 -2
52 -2
53 -3
54 -3
55 -2
56 -2
57 -1
58 0
59 -1
60 -1
61 -2
62 -1
63 -1
64 -1
65 0
66 -1
67 -2
68 -2
69 -1
70 -2
71 -3
72 -3
73 -4
74 -3
75 -3
76 -3
77 -2
78 -3
79 -4
80 -4
81 -4
82 -3
83 -4
84 -4
85 -3
86 -2
87 -1
88 -1
89 -2
90 -2
91 -1
92 -1
93 0
94 1
95 2
96 2
97 1
98 1
99 1
100 1
101 0
102 -1
103 -2
104 -2
105 -3
106 -2
107 -3
108 -3
109 -4
110 -5
111 -4
112 -4
113 -5
114 -6
115 -5
116 -5
117 -5
118 -4
119 -3
120 -3
121 -3
122 -2
123 -1
124 -1
125 -1
126 -1
127 -2
128 -2
129 -1
130 -2
131 -3
132 -3
133 -2
134 -1
135 -1
136 -1
137 -2
138 -3
139 -4
140 -4
141 -3
142 -2
143 -1
144 -1
145 0
146 1
147 1
148 1
149 0
150 0
151 -1
152 -1
153 -1
154 -2
155 -1
156 -1
157 -2
158 -1
159 0
160 0
161 1
162 1
163 0
164 0
165 -1
166 0
167 -1
168 -1
169 -1
170 -2
171 -2
172 -2
173 -3
174 -4
175 -4
176 -4
177 -3
178 -2
179 -3
180 -3
181 -4
182 -5
183 -4
184 -4
185 -3
186 -4
187 -3
188 -3
189 -3
190 -4
191 -5
192 -5
193 -6
194 -5
195 -6
196 -6
197 -7
198 -7
199 -8
200 -8
201 -7
202 -6
203 -5
204 -5
205 -4
206 -3
207 -3
208 -3
209 -2
210 -1
211 -2
212 -2
213 -1
214 0
215 1
216 1
217 2
218 3
219 4
220 4
221 5
222 4
223 3
224 3
225 3
226 4
227 3
228 3
229 2
230 1
231 0
232 0
233 -1
234 -1
235 0
236 0
237 1
238 0
239 -1
240 -1
241 -2
242 -2
243 -2
244 -2
245 -2
246 -3
247 -2
248 -2
249 -1
250 -1
251 -2
252 -2
253 -1
254 0
255 -1
256 -1
257 -2
258 -3
259 -2
260 -2
261 -2
262 -1
263 -2
264 -2
265 -1
266 -2
267 -1
268 -1
269 -2
270 -2
271 -3
272 -3
273 -4
274 -3
275 -3
276 -3
277 -4
278 -3
279 -3
280 -3
281 -4
282 -5
283 -6
284 -6
285 -7
286 -8
287 -7
288 -7
289 -7
290 -8
291 -7
292 -7
293 -8
294 -8
295 -7
296 -7
297 -7
298 -6
299 -5
300 -5
301 -4
302 -3
303 -2
304 -2
305 -1
306 -1
307 -2
308 -2
309 -1
310 -2
311 -3
312 -3
313 -4
314 -3
315 -3
316 -3
317 -4
318 -5
319 -4
320 -4
321 -3
322 -4
323 -3
324 -3
325 -3
326 -2
327 -1
328 -1
329 0
330 1
331 0
332 0
333 0
334 1
335 2
336 2
337 1
338 1
339 2
340 2
341 3
342 3
343 3
344 3
345 2
346 3
347 2
348 2
349 1
350 1
351 1
352 1
353 0
354 -1
355 0
356 0
357 -1
358 0
359 -1
360 -1
361 -1
362 0
363 0
364 0
365 1
366 0
367 -1
368 -1
369 -1
370 -2
371 -1
372 -1
373 -2
374 -3
375 -3
376 -3
377 -2
378 -2
379 -3
380 -3
381 -2
382 -1
383 -2
384 -2
385 -3
386 -2
387 -2
388 -2
389 -3
390 -2
391 -1
392 -1
393 0
394 1
395 2
396 2
397 1
398 2
399 1
400 1
401 0
402 -1
403 0
404 0
405 0
406 -1
407 0
408 0
409 -1
410 -2
411 -1
412 -1
413 0
414 0
415 1
416 1
417 2
418 1
419 0
420 0
421 -1
422 0
423 0
424 0
425 0
426 -1
427 0
428 0
429 -1
430 -2
431 -3
432 -3
433 -4
434 -5
435 -6
436 -6
437 -5
438 -6
439 -7
440 -7
441 -7
442 -8
443 -9
444 -9
445 -8
446 -7
447 -6
448 -6
449 -7
450 -7
451 -6
452 -6
453 -5
454 -4
455 -5
456 -5
457 -6
458 -5
459 -5
460 -5
461 -6
462 -5
463 -6
464 -6
465 -7
466 -6
467 -7
468 -7
469 -6
470 -7
471 -6
472 -6
473 -5
474 -6
475 -6
476 -6
477 -6
478 -5
479 -6
480 -6
481 -5
482 -4
483 -5
484 -5
485 -4
486 -4
487 -5
488 -5
489 -4
490 -4
491 -5
492 -5
493 -4
494 -5
495 -5
496 -5
497 -4
498 -5
499 -6
500 -6
501 -5
502 -4
503 -5
504 -5
505 -4
506 -5
507 -5
508 -5
509 -6
510 -5
511 -4
512 -4
513 -4
514 -3
515 -2
516 -2
517 -1
518 -2
519 -1
520 -1
521 -2
522 -2
523 -3
524 -3
525 -3
526 -2
527 -1
528 -1
529 -1
530 -2
531 -2
532 -2
533 -1
534 -2
535 -1
536 -1
537 0
538 1
539 1
540 1
541 0
542 1
543 2
544 2
545 3
546 4
547 3
548 3
549 3
550 3
551 4
552 4
553 5
554 6
555 5
556 5
557 4
558 4
559 5
560 5
561 4
562 5
563 4
564 4
565 5
566 6
567 6
568 6
569 5
570 6
571 5
572 5
573 6
574 5
575 5
576 5
577 4
578 4
579 5
580 5
581 6
582 5
583 6
584 6
585 6
586 7
587 6
588 6
589 7
590 6
591 7
592 7
593 6
594 6
595 5
596 5
597 6
598 5
599 4
600 4
601 3
602 2
603 2
604 2
605 2
606 1
607 0
608 0
609 -1
610 -2
611 -1
612 -1
613 -2
614 -1
615 -2
616 -2
617 -3
618 -4
619 -5
620 -5
621 -5
622 -4
623 -3
624 -3
625 -3
626 -2
627 -3
628 -3
629 -2
630 -2
631 -3
632 -3
633 -2
634 -1
635 0
636 0
637 0
638 -1
639 -1
640 -1
641 -2
642 -3
643 -4
644 -4
645 -5
646 -6
647 -7
648 -7
649 -6
650 -6
651 -7
652 -7
653 -8
654 -9
655 -8
656 -8
657 -8
658 -9
659 -10
660 -10
661 -11
662 -10
663 -11
664 -11
665 -12
666 -12
667 -11
668 -11
669 -10
670 -11
671 -10
672 -10
673 -11
674 -10
675 -10
676 -10
677 -11
678 -12
679 -11
680 -11
681 -10
682 -11
683 -12
684 -12
685 -11
686 -11
687 -10
688 -10
689 -9
690 -8
691 -9
692 -9
693 -9
694 -8
695 -7
696 -7
697 -6
698 -5
699 -4
700 -4
701 -5
702 -5
703 -4
704 -4
705 -5
706 -4
707 -3
708 -3
709 -4
710 -5
711 -5
712 -5
713 -4
714 -3
715 -4
716 -4
717 -3
718 -2
719 -3
720 -3
721 -2
722 -2
723 -1
724 -1
725 -1
726 -1
727 -2
728 -2
729 -2
730 -3
731 -2
732 -2
733 -3
734 -2
735 -2
736 -2
737 -1
738 -1
739 -2
740 -2
741 -3
742 -4
743 -5
744 -5
745 -4
746 -3
747 -3
748 -3
749 -2
750 -2
751 -3
752 -3
753 -2
754 -3
755 -2
756 -2
757 -3
758 -2
759 -3
760 -3
761 -4
762 -5
763 -4
764 -4
765 -4
766 -3
767 -2
768 -2
769 -3
770 -2
771 -1
772 -1
773 -2
774 -2
775 -2
776 -2
777 -3
778 -2
779 -1
780 -1
781 0
782 -1
783 -1
784 -1
785 0
786 -1
787 -2
788 -2
789 -1
790 -2
791 -1
792 -1
793 0
794 1
795 0
796 0
797 -1
798 0
799 1
800 1
801 1
802 2
803 3
804 3
805 2
806 1
807 2
808 2
809 1
810 1
811 0
812 0
813 1
814 0
815 1
816 1
817 2
818 3
819 3
820 3
821 2
822 1
823 0
824 0
825 0
826 -1
827 -2
828 -2
829 -3
830 -4
831 -3
832 -3
833 -3
834 -4
835 -3
836 -3
837 -3
838 -2
839 -3
840 -3
841 -3
842 -2
843 -1
844 -1
845 -1
846 -1
847 -1
848 -1
849 0
850 0
851 1
852 1
853 0
854 -1
855 -1
856 -1
857 -2
858 -1
859 -2
860 -2
861 -3
862 -2
863 -3
864 -3
865 -2
866 -1
867 -1
868 -1
869 0
870 1
871 2
872 2
873 2
874 1
875 1
876 1
877 0
878 1
879 2
880 2
881 1
882 1
883 0
884 0
885 -1
886 0
887 -1
888 -1
889 0
890 -1
891 -1
892 -1
893 0
894 -1
895 0
896 0
897 -1
898 0
899 1
900 1
901 2
902 1
903 0
904 0
905 1
906 0
907 -1
908 -1
909 -1
910 0
911 -1
912 -1
913 0
914 1
915 0
916 0
917 1
918 1
919 0
920 0
921 1
922 2
923 3
924 3
925 3
926 4
927 4
928 4
929 3
930 4
931 4
932 4
933 5
934 6
935 5
936 5
937 4
938 3
939 4
940 4
941 3
942 2
943 3
944 3
945 3
946 2
947 1
948 1
949 2
950 2
951 3
952 3
953 2
954 2
955 3
956 3
957 2
958 3
959 4
960 4
961 4
962 3
963 3
964 3
965 4
966 5
967 4
968 4
969 3
970 2
971 1
972 1
973 2
974 3
975 3
976 3
977 2
978 1
979 2
980 2
981 2
982 3
983 2
984 2
985 3
986 2
987 1
988 1
989 2
990 2
991 1
992 1
993 2
994 1
995 2
996 2
997 1
998 2
999 2
1000 2
1001 1
1002 0
1003 1
1004 1
1005 0
1006 1
1007 2
1008 2
1009 1
1010 0
1011 1
1012 1
1013 0
1014 0
1015 -1
1016 -1
1017 -1
1018 0
1019 -1
1020 -1
1021 -2
1022 -3
1023 -4
1024 -4
1025 -4
1026 -4
1027 -3
1028 -3
1029 -3
1030 -4
1031 -5
1032 -5
1033 -6
1034 -7
1035 -7
1036 -7
1037 -6
1038 -7
1039 -8
1040 -8
1041 -7
1042 -6
1043 -5
1044 -5
1045 -6
1046 -5
1047 -4
1048 -4
1049 -5
1050 -5
1051 -6
1052 -6
1053 -6
1054 -7
1055 -6
1056 -6
1057 -5
1058 -5
1059 -4
1060 -4
1061 -5
1062 -5
1063 -6
1064 -6
1065 -7
1066 -8
1067 -7
1068 -7
1069 -8
1070 -9
1071 -9
1072 -9
1073 -8
1074 -9
1075 -9
1076 -9
1077 -8
1078 -8
1079 -7
1080 -7
1081 -6
1082 -5
1083 -5
1084 -5
1085 -6
1086 -7
1087 -8
1088 -8
1089 -8
1090 -9
1091 -10
1092 -10
1093 -11
1094 -10
1095 -11
1096 -11
1097 -12
1098 -12
1099 -11
1100 -11
1101 -10
1102 -11
1103 -12
1104 -12
1105 -13
1106 -14
1107 -14
1108 -14
1109 -15
1110 -14
1111 -13
1112 -13
1113 -14
1114 -13
1115 -12
1116 -12
1117 -13
1118 -14
1119 -13
1120 -13
1121 -12
1122 -11
1123 -12
1124 -12
1125 -12
1126 -11
1127 -11
1128 -11
1129 -12
1130 -13
1131 -14
1132 -14
1133 -13
1134 -13
1135 -12
1136 -12
1137 -11
1138 -10
1139 -9
1140 -9
1141 -8
1142 -7
1143 -7
1144 -7
1145 -6
1146 -7
1147 -6
1148 -6
1149 -5
1150 -5
1151 -6
1152 -6
1153 -7
1154 -6
1155 -5
1156 -5
1157 -4
1158 -5
1159 -4
1160 -4
1161 -4
1162 -5
1163 -6
1164 -6
1165 -5
1166 -6
1167 -5
1168 -5
1169 -4
1170 -4
1171 -5
1172 -5
1173 -6
1174 -5
1175 -5
1176 -5
1177 -4
1178 -5
1179 -5
1180 -5
1181 -6
1182 -7
1183 -7
1184 -7
1185 -8
1186 -7
1187 -8
1188 -8
1189 -7
1190 -6
1191 -5
1192 -5
1193 -6
1194 -7
1195 -6
1196 -6
1197 -6
1198 -5
1199 -4
1200 -4
1201 -5
1202 -4
1203 -3
1204 -3
1205 -2
1206 -2
1207 -1
1208 -1
1209 -2
1210 -2
1211 -1
1212 -1
1213 -2
1214 -1
1215 -1
1216 -1
1217 -2
1218 -1
1219 0
1220 0
1221 -1
1222 -2
1223 -3
1224 -3
1225 -3
1226 -2
1227 -1
1228 -1
1229 -2
1230 -1
1231 -2
1232 -2
1233 -2
1234 -1
1235 -2
1236 -2
1237 -3
1238 -2
1239 -3
1240 -3
1241 -2
1242 -2
1243 -1
1244 -1
1245 -2
1246 -3
1247 -2
1248 -2
1249 -3
1250 -3
1251 -3
1252 -3
1253 -2
1254 -1
1255 0
1256 0
1257 1
1258 0
1259 -1
1260 -1
1261 0
1262 1
1263 2
1264 2
1265 1
1266 0
1267 1
1268 1
1269 1
1270 0
1271 1
1272 1
1273 2
1274 2
1275 2
1276 2
1277 1
1278 1
1279 0
1280 0
1281 -1
1282 0
1283 -1
1284 -1
1285 0
1286 1
1287 1
1288 1
1289 0
1290 1
1291 0
1292 0
1293 1
1294 2
1295 1
1296 1
1297 0
1298 -1
1299 0
1300 0
1301 -1
1302 0
1303 -1
1304 -1
1305 -1
1306 0
1307 -1
1308 -1
1309 -2
1310 -3
1311 -4
1312 -4
1313 -3
1314 -3
1315 -2
1316 -2
1317 -1
1318 0
1319 -1
1320 -1
1321 -2
1322 -1
1323 -1
1324 -1
1325 -1
1326 0
1327 -1
1328 -1
1329 0
1330 1
1331 1
1332 1
1333 2
1334 1
1335 0
1336 0
1337 1
1338 0
1339 1
1340 1
1341 1
1342 0
1343 1
1344 1
1345 2
1346 3
1347 4
1348 4
1349 5
1350 5
1351 6
1352 6
1353 5
1354 6
1355 7
1356 7
1357 8
1358 7
1359 7
1360 7
1361 6
1362 5
1363 6
1364 6
1365 7
1366 8
1367 7
1368 7
1369 7
1370 6
1371 7
1372 7
1373 6
1374 5
1375 5
1376 5
1377 5
1378 4
1379 5
1380 5
1381 4
1382 5
1383 6
1384 6
1385 7
1386 7
1387 8
1388 8
1389 9
1390 8
1391 9
1392 9
1393 10
1394 9
1395 9
1396 9
1397 10
1398 9
1399 8
1400 8
1401 9
1402 10
1403 11
1404 11
1405 12
1406 11
1407 10
1408 10
1409 9
1410 10
1411 11
1412 11
1413 11
1414 10
1415 11
1416 11
1417 12
1418 13
1419 12
1420 12
1421 12
1422 12
1423 11
1424 11
1425 11
1426 10
1427 9
1428 9
1429 8
1430 9
1431 9
1432 9
1433 8
1434 7
1435 6
1436 6
1437 7
1438 8
1439 7
1440 7
1441 8
1442 7
1443 6
1444 6
1445 6
1446 5
1447 4
1448 4
1449 4
1450 4
1451 3
1452 3
1453 2
1454 3
1455 2
1456 2
1457 3
1458 3
1459 2
1460 2
1461 3
1462 2
1463 1
1464 1
1465 2
1466 3
1467 3
1468 3
1469 4
1470 4
1471 3
1472 3
1473 4
1474 3
1475 3
1476 3
1477 4
1478 5
1479 4
1480 4
1481 3
1482 4
1483 3
1484 3
1485 3
1486 4
1487 3
1488 3
1489 2
1490 1
1491 0
1492 0
1493 -1
1494 -1
1495 -2
1496 -2
1497 -1
1498 -2
1499 -3
1500 -3
1501 -2
1502 -1
1503 -1
1504 -1
1505 -2
1506 -3
1507 -2
1508 -2
1509 -1
1510 -2
1511 -3
1512 -3
1513 -2
1514 -1
1515 -2
1516 -2
1517 -1
1518 0
1519 0
1520 0
1521 0
1522 1
1523 0
1524 0
1525 0
1526 -1
1527 0
1528 0
1529 1
1530 1
1531 0
1532 0
1533 -1
1534 -2
1535 -1
1536 -1
1537 0
1538 1
1539 1
1540 1
1541 2
1542 1
1543 0
1544 0
1545 -1
1546 0
1547 -1
1548 -1
1549 -2
1550 -2
1551 -3
1552 -3
1553 -4
1554 -3
1555 -2
1556 -2
1557 -2
1558 -3
1559 -4
1560 -4
1561 -3
1562 -4
1563 -3
1564 -3
1565 -2
1566 -2
1567 -3
1568 -3
1569 -2
1570 -3
1571 -4
1572 -4
1573 -4
1574 -3
1575 -3
1576 -3
1577 -2
1578 -3
1579 -4
1580 -4
1581 -5
1582 -6
1583 -7
1584 -7
1585 -6
1586 -7
1587 -7
1588 -7
1589 -6
1590 -5
1591 -4
1592 -4
1593 -4
1594 -3
1595 -4
1596 -4
1597 -5
1598 -6
1599 -7
1600 -7
1601 -8
1602 -8
1603 -7
1604 -7
1605 -8
1606 -9
1607 -10
1608 -10
1609 -11
1610 -10
1611 -10
1612 -10
1613 -11
1614 -12
1615 -13
1616 -13
1617 -13
1618 -12
1619 -13
1620 -13
1621 -14
1622 -13
1623 -12
1624 -12
1625 -12
1626 -13
1627 -14
1628 -14
1629 -14
1630 -15
1631 -14
1632 -14
1633 -13
1634 -14
1635 -15
1636 -15
1637 -16
1638 -16
1639 -15
1640 -15
1641 -14
1642 -13
1643 -12
1644 -12
1645 -13
1646 -12
1647 -12
1648 -12
1649 -11
1650 -11
1651 -10
1652 -10
1653 -11
1654 -10
1655 -9
1656 -9
1657 -10
1658 -9
1659 -10
1660 -10
1661 -9
1662 -10
1663 -11
1664 -11
1665 -11
1666 -11
1667 -12
1668 -12
1669 -13
1670 -14
1671 -13
1672 -13
1673 -12
1674 -12
1675 -12
1676 -12
1677 -13
1678 -12
1679 -11
1680 -11
1681 -11
1682 -11
1683 -11
1684 -11
1685 -10
1686 -11
1687 -10
1688 -10
1689 -9
1690 -9
1691 -8
1692 -8
1693 -9
1694 -9
1695 -10
1696 -10
1697 -11
1698 -12
1699 -13
1700 -13
1701 -13
1702 -14
1703 -13
1704 -13
1705 -14
1706 -13
1707 -12
1708 -12
1709 -13
1710 -13
1711 -12
1712 -12
1713 -11
1714 -10
1715 -10
1716 -10
1717 -9
1718 -8
1719 -8
1720 -8
1721 -9
1722 -8
1723 -9
1724 -9
1725 -9
1726 -8
1727 -7
1728 -7
1729 -8
1730 -9
1731 -8
1732 -8
1733 -9
1734 -9
1735 -8
1736 -8
1737 -8
1738 -9
1739 -8
1740 -8
1741 -9
1742 -10
1743 -11
1744 -11
1745 -10
1746 -10
1747 -11
1748 -11
1749 -12
1750 -12
1751 -11
1752 -11
1753 -12
1754 -11
1755 -11
1756 -11
1757 -10
1758 -11
1759 -12
1760 -12
1761 -11
1762 -10
1763 -9
1764 -9
1765 -8
1766 -7
1767 -8
1768 -8
1769 -7
1770 -6
1771 -7
1772 -7
1773 -7
1774 -6
1775 -6
1776 -6
1777 -7
1778 -8
1779 -7
1780 -7
1781 -6
1782 -6
1783 -7
1784 -7
1785 -6
1786 -7
1787 -8
1788 -8
1789 -9
1790 -10
1791 -10
1792 -10
1793 -9
1794 -8
1795 -7
1796 -7
1797 -6
1798 -7
1799 -6
1800 -6
1801 -7
1802 -8
1803 -7
1804 -7
1805 -7
1806 -6
1807 -5
1808 -5
1809 -5
1810 -6
1811 -7
1812 -7
1813 -7
1814 -6
1815 -6
1816 -6
1817 -5
1818 -5
1819 -4
1820 -4
1821 -3
1822 -2
1823 -3
1824 -3
1825 -3
1826 -4
1827 -4
1828 -4
1829 -3
1830 -2
1831 -3
1832 -3
1833 -4
1834 -5
1835 -4
1836 -4
1837 -3
1838 -2
1839 -1
1840 -1
1841 0
1842 -1
1843 0
1844 0
1845 0
1846 -1
1847 -2
1848 -2
1849 -2
1850 -2
1851 -1
1852 -1
1853 0
1854 0
1855 -1
1856 -1
1857 0
1858 1
1859 1
1860 1
1861 0
1862 0
1863 0
1864 0
1865 1
1866 0
1867 -1
1868 -1
1869 -2
1870 -1
1871 -2
1872 -2
1873 -3
1874 -2
1875 -2
1876 -2
1877 -3
1878 -4
1879 -5
1880 -5
1881 -5
1882 -4
1883 -3
1884 -3
1885 -4
1886 -5
1887 -6
1888 -6
1889 -7
1890 -7
1891 -6
1892 -6
1893 -5
1894 -4
1895 -3
1896 -3
1897 -2
1898 -3
1899 -3
1900 -3
1901 -4
1902 -5
1903 -4
1904 -4
1905 -5
1906 -4
1907 -5
1908 -5
1909 -4
1910 -5
1911 -5
1912 -5
1913 -6
1914 -5
1915 -4
1916 -4
1917 -4
1918 -5
1919 -4
1920 -4
1921 -3
1922 -3
1923 -2
1924 -2
1925 -2
1926 -2
1927 -1
1928 -1
1929 0
1930 -1
1931 -2
1932 -2
1933 -3
1934 -2
1935 -2
1936 -2
1937 -1
1938 0
1939 1
1940 1
1941 2
1942 3
1943 4
1944 4
1945 5
1946 4
1947 3
1948 3
1949 2
1950 2
1951 1
1952 1
1953 1
1954 2
1955 1
1956 1
1957 2
1958 1
1959 2
1960 2
1961 3
1962 3
1963 4
1964 4
1965 3
1966 4
1967 5
1968 5
1969 6
1970 5
1971 5
1972 5
1973 4
1974 5
1975 5
1976 5
1977 6
1978 5
1979 4
1980 4
1981 5
1982 6
1983 7
1984 7
1985 8
1986 7
1987 6
1988 6
1989 6
1990 5
1991 6
1992 6
1993 5
1994 6
1995 7
1996 7
1997 6
1998 6
1999 5
2000 5
2001 4
2002 5
2003 4
2004 4
2005 5
2006 4
2007 4
2008 4
2009 4
2010 5
2011 4
2012 4
2013 3
2014 2
2015 1
2016 1
2017 0
2018 1
2019 2
2020 2
2021 3
2022 2
2023 2
2024 2
2025 2
2026 3
2027 2
2028 2
2029 1
2030 2
2031 3
2032 3
2033 4
2034 4
2035 3
2036 3
2037 2
2038 3
2039 2
2040 2
2041 3
2042 4
2043 4
2044 4
2045 5
2046 6
2047 7
2048 7
2049 8
2050 8
2051 9
2052 9
2053 8
2054 7
2055 6
2056 6
2057 6
2058 6
2059 7
2060 7
2061 7
2062 8
2063 7
2064 7
2065 6
2066 7
2067 6
2068 6
2069 5
2070 5
2071 6
2072 6
2073 7
2074 6
2075 6
2076 6
2077 7
2078 8
2079 8
2080 8
2081 7
2082 6
2083 5
2084 5
2085 4
2086 3
2087 2
2088 2
2089 1
2090 2
2091 1
2092 1
2093 0
2094 -1
2095 0
2096 0
2097 0
2098 1
2099 0
2100 0
2101 1
2102 2
2103 3
2104 3
2105 4
2106 4
2107 4
2108 4
2109 3
2110 2
2111 1
2112 1
2113 0
2114 -1
2115 -1
2116 -1
2117 0
2118 -1
2119 0
2120 0
2121 -1
2122 0
2123 1
2124 1
2125 1
2126 2
2127 3
2128 3
2129 2
2130 3
2131 2
2132 2
2133 2
2134 1
2135 0
2136 0
2137 -1
2138 0
2139 -1
2140 -1
2141 -2
2142 -2
2143 -3
2144 -3
2145 -2
2146 -3
2147 -2
2148 -2
2149 -1
2150 -1
2151 -1
2152 -1
2153 -2
2154 -3
2155 -2
2156 -2
2157 -1
2158 -2
2159 -1
2160 -1
2161 -2
2162 -3
2163 -4
2164 -4
2165 -3
2166 -3
2167 -2
2168 -2
2169 -2
2170 -1
2171 0
2172 0
2173 1
2174 2
2175 2
2176 2
2177 3
2178 3
2179 2
2180 2
2181 3
2182 4
2183 5
2184 5
2185 4
2186 5
2187 5
2188 5
2189 6
2190 7
2191 8
2192 8
2193 7
2194 8
2195 9
2196 9
2197 9
2198 8
2199 9
2200 9
2201 10
2202 9
2203 8
2204 8
2205 8
2206 9
2207 8
2208 8
2209 8
2210 9
2211 8
2212 8
2213 7
2214 7
2215 8
2216 8
2217 9
2218 10
2219 11
2220 11
2221 10
2222 9
2223 9
2224 9
2225 9
2226 10
2227 11
2228 11
2229 12
2230 11
2231 12
2232 12
2233 11
2234 12
2235 11
2236 11
2237 10
2238 9
2239 8
2240 8
2241 8
2242 7
2243 6
2244 6
2245 7
2246 8
2247 7
2248 7
2249 8
2250 8
2251 7
2252 7
2253 8
2254 8
2255 7
2256 7
2257 8
2258 9
2259 9
2260 9
2261 8
2262 9
2263 10
2264 10
2265 9
2266 8
2267 7
2268 7
2269 6
2270 5
2271 6
2272 6
2273 5
2274 4
2275 4
2276 4
2277 4
2278 3
2279 4
2280 4
2281 3
2282 2
2283 3
2284 3
2285 4
2286 4
2287 3
2288 3
2289 2
2290 1
2291 2
2292 2
2293 1
2294 0
2295 0
2296 0
2297 -1
2298 -2
2299 -2
2300 -2
2301 -3
2302 -2
2303 -2
2304 -2
2305 -1
2306 0
2307 1
2308 1
2309 0
2310 -1
2311 -2
2312 -2
2313 -2
2314 -3
2315 -2
2316 -2
2317 -1
2318 -2
2319 -1
2320 -1
2321 0
2322 0
2323 1
2324 1
2325 1
2326 2
2327 3
2328 3
2329 4
2330 3
2331 3
2332 3
2333 2
2334 1
2335 2
2336 2
2337 1
2338 0
2339 -1
2340 -1
2341 -2
2342 -1
2343 -2
2344 -2
2345 -3
2346 -2
2347 -3
2348 -3
2349 -3
2350 -3
2351 -4
2352 -4
2353 -3
2354 -4
2355 -5
2356 -5
2357 -6
2358 -6
2359 -5
2360 -5
2361 -4
2362 -3
2363 -2
2364 -2
2365 -3
2366 -3
2367 -3
2368 -3
2369 -2
2370 -1
2371 -2
2372 -2
2373 -3
2374 -2
2375 -2
2376 -2
2377 -3
2378 -4
2379 -5
2380 -5
2381 -6
2382 -7
2383 -8
2384 -8
2385 -8
2386 -7
2387 -8
2388 -8
2389 -9
2390 -10
2391 -9
2392 -9
2393 -10
2394 -10
2395 -9
2396 -9
2397 -10
2398 -11
2399 -12
2400 -12
2401 -12
2402 -11
2403 -11
2404 -11
2405 -12
2406 -13
2407 -12
2408 -12
2409 -13
2410 -14
2411 -15
2412 -15
2413 -14
2414 -15
2415 -14
2416 -14
2417 -15
2418 -14
2419 -13
2420 -13
2421 -13
2422 -14
2423 -15
2424 -15
2425 -15
2426 -14
2427 -13
2428 -13
2429 -12
2430 -12
2431 -13
2432 -13
2433 -12
2434 -11
2435 -10
2436 -10
2437 -11
2438 -12
2439 -12
2440 -12
2441 -13
2442 -12
2443 -11
2444 -11
2445 -12
2446 -11
2447 -12
2448 -12
2449 -11
2450 -11
2451 -12
2452 -12
2453 -11
2454 -12
2455 -11
2456 -11
2457 -11
2458 -10
2459 -11
2460 -11
2461 -10
2462 -9
2463 -8
2464 -8
2465 -9
2466 -9
2467 -10
2468 -10
2469 -9
2470 -8
2471 -7
2472 -7
2473 -8
2474 -7
2475 -7
2476 -7
2477 -8
2478 -7
2479 -6
2480 -6
2481 -5
2482 -6
2483 -5
2484 -5
2485 -6
2486 -7
2487 -6
2488 -6
2489 -5
2490 -4
2491 -3
2492 -3
2493 -3
2494 -4
2495 -3
2496 -3
2497 -2
2498 -1
2499 -1
2500 -1
2501 0
2502 0
2503 -1
2504 -1
2505 -2
2506 -3
2507 -2
2508 -2
2509 -1
2510 -2
2511 -2
2512 -2
2513 -1
2514 -2
2515 -1
2516 -1
2517 0
2518 1
2519 2
2520 2
2521 1
2522 0
2523 0
2524 0
2525 0
2526 -1
2527 -1
2528 -1
2529 -1
2530 0
2531 -1
2532 -1
2533 0
2534 -1
2535 -1
2536 -1
2537 0
2538 0
2539 -1
2540 -1
2541 -1
2542 -2
2543 -3
2544 -3
2545 -2
2546 -3
2547 -3
2548 -3
2549 -4
2550 -4
2551 -5
2552 -5
2553 -6
2554 -5
2555 -6
2556 -6
2557 -7
2558 -6
2559 -5
2560 -5
2561 -4
2562 -3
2563 -2
2564 -2
2565 -2
2566 -1
2567 0
2568 0
2569 1
2570 0
2571 1
2572 1
2573 2
2574 2
2575 2
2576 2
2577 3
2578 4
2579 3
2580 3
2581 4
2582 5
2583 5
2584 5
2585 4
2586 3
2587 4
2588 4
2589 5
2590 6
2591 5
2592 5
2593 4
2594 5
2595 4
2596 4
2597 4
2598 3
2599 4
2600 4
2601 4
2602 5
2603 6
2604 6
2605 7
2606 8
2607 7
2608 7
2609 6
2610 6
2611 7
2612 7
2613 6
2614 7
2615 8
2616 8
2617 7
2618 8
2619 8
2620 8
2621 7
2622 8
2623 9
2624 9
2625 9
2626 8
2627 9
2628 9
2629 10
2630 9
2631 10
2632 10
2633 9
2634 8
2635 7
2636 7
2637 7
2638 8
2639 7
2640 7
2641 8
2642 9
2643 10
2644 10
2645 10
2646 10
2647 9
2648 9
2649 10
2650 10
2651 11
2652 11
2653 12
2654 13
2655 13
2656 13
2657 12
2658 11
2659 10
2660 10
2661 11
2662 11
2663 10
2664 10
2665 9
2666 8
2667 7
2668 7
2669 8
2670 9
2671 8
2672 8
2673 8
2674 7
2675 7
2676 7
2677 6
2678 5
2679 4
2680 4
2681 5
2682 5
2683 4
2684 4
2685 3
2686 2
2687 1
2688 1
2689 0
2690 -1
2691 -1
2692 -1
2693 -2
2694 -3
2695 -3
2696 -3
2697 -4
2698 -5
2699 -6
2700 -6
2701 -5
2702 -6
2703 -7
2704 -7
2705 -6
2706 -5
2707 -6
2708 -6
2709 -6
2710 -7
2711 -8
2712 -8
2713 -9
2714 -10
2715 -11
2716 -11
2717 -12
2718 -12
2719 -13
2720 -13
2721 -12
2722 -11
2723 -10
2724 -10
2725 -10
2726 -11
2727 -11
2728 -11
2729 -12
2730 -13
2731 -14
2732 -14
2733 -13
2734 -12
2735 -11
2736 -11
2737 -12
2738 -12
2739 -13
2740 -13
2741 -14
2742 -15
2743 -14
2744 -14
2745 -14
2746 -13
2747 -12
2748 -12
2749 -13
2750 -13
2751 -14
2752 -14
2753 -15
2754 -15
2755 -16
2756 -16
2757 -15
2758 -16
2759 -15
2760 -15
2761 -14
2762 -13
2763 -13
2764 -13
2765 -14
2766 -15
2767 -16
2768 -16
2769 -17
2770 -18
2771 -17
2772 -17
2773 -16
2774 -17
2775 -17
2776 -17
2777 -18
2778 -19
2779 -18
2780 -18
2781 -18
2782 -19
2783 -19
2784 -19
2785 -18
2786 -19
2787 -18
2788 -18
2789 -19
2790 -19
2791 -20
2792 -20
2793 -20
2794 -21
2795 -22
2796 -22
2797 -23
2798 -22
2799 -22
2800 -22
2801 -23
2802 -24
2803 -25
2804 -25
2805 -24
2806 -25
2807 -24
2808 -24
2809 -24
2810 -25
2811 -24
2812 -24
2813 -23
2814 -22
2815 -21
2816 -21
2817 -21
2818 -20
2819 -21
2820 -21
2821 -22
2822 -23
2823 -22
2824 -22
2825 -22
2826 -22
2827 -21
2828 -21
2829 -22
2830 -23
2831 -22
2832 -22
2833 -23
2834 -24
2835 -24
2836 -24
2837 -25
2838 -24
2839 -23
2840 -23
2841 -22
2842 -22
2843 -23
2844 -23
2845 -22
2846 -21
2847 -22
2848 -22
2849 -23
2850 -23
2851 -24
2852 -24
2853 -24
2854 -23
2855 -22
2856 -22
2857 -23
2858 -22
2859 -21
2860 -21
2861 -22
2862 -22
2863 -21
2864 -21
2865 -22
2866 -21
2867 -20
2868 -20
2869 -19
2870 -18
2871 -18
2872 -18
2873 -18
2874 -19
2875 -19
2876 -19
2877 -20
2878 -19
2879 -20
2880 -20
2881 -19
2882 -20
2883 -20
2884 -20
2885 -19
2886 -18
2887 -19
2888 -19
2889 -19
2890 -19
2891 -19
2892 -19
2893 -18
2894 -17
2895 -18
2896 -18
2897 -19
2898 -19
2899 -18
2900 -18
2901 -17
2902 -16
2903 -17
2904 -17
2905 -18
2906 -17
2907 -17
2908 -17
2909 -18
2910 -17
2911 -16
2912 -16
2913 -15
2914 -16
2915 -17
2916 -17
2917 -18
2918 -17
2919 -18
2920 -18
2921 -17
2922 -18
2923 -17
2924 -17
2925 -17
2926 -16
2927 -17
2928 -17
2929 -16
2930 -17
2931 -16
2932 -16
2933 -15
2934 -15
2935 -14
2936 -14
2937 -15
2938 -16
2939 -17
2940 -17
2941 -16
2942 -15
2943 -15
2944 -15
2945 -16
2946 -17
2947 -16
2948 -16
2949 -15
2950 -15
2951 -14
2952 -14
2953 -15
2954 -16
2955 -17
2956 -17
2957 -18
2958 -17
2959 -16
2960 -16
2961 -16
2962 -15
2963 -16
2964 -16
2965 -15
2966 -14
2967 -15
2968 -15
2969 -16
2970 -16
2971 -17
2972 -17
2973 -16
2974 -15
2975 -15
2976 -15
2977 -14
2978 -13
2979 -13
2980 -13
2981 -12
2982 -11
2983 -10
2984 -10
2985 -11
2986 -10
2987 -9
2988 -9
2989 -9
2990 -8
2991 -7
2992 -7
2993 -6
2994 -7
2995 -6
2996 -6
2997 -6
2998 -5
2999 -6
3000 -6
3001 -7
3002 -8
3003 -7
3004 -7
3005 -6
3006 -6
3007 -5
3008 -5
3009 -6
3010 -5
3011 -6
3012 -6
3013 -5
3014 -6
3015 -6
3016 -6
3017 -5
3018 -6
3019 -7
3020 -7
3021 -8
3022 -7
3023 -8
3024 -8
3025 -8
3026 -9
3027 -8
3028 -8
3029 -7
3030 -6
3031 -5
3032 -5
3033 -5
3034 -6
3035 -5
3036 -5
3037 -6
3038 -6
3039 -5
3040 -5
3041 -6
3042 -6
3043 -5
3044 -5
3045 -4
3046 -3
3047 -2
3048 -2
3049 -3
3050 -3
3051 -3
3052 -3
3053 -2
3054 -3
3055 -4
3056 -4
3057 -3
3058 -4
3059 -5
3060 -5
3061 -6
3062 -5
3063 -4
3064 -4
3065 -3
3066 -2
3067 -3
3068 -3
3069 -3
3070 -4
3071 -3
3072 -3
3073 -2
3074 -3
3075 -3
3076 -3
3077 -2
3078 -2
3079 -3
3080 -3
3081 -4
3082 -5
3083 -6
3084 -6
3085 -5
3086 -4
3087 -4
3088 -4
3089 -5
3090 -4
3091 -3
3092 -3
3093 -2
3094 -1
3095 0
3096 0
3097 1
3098 2
3099 3
3100 3
3101 4
3102 5
3103 6
3104 6
3105 6
3106 7
3107 8
3108 8
3109 7
3110 6
3111 5
3112 5
3113 6
3114 6
3115 5
3116 5
3117 6
3118 7
3119 6
3120 6
3121 5
3122 4
3123 4
3124 4
3125 4
3126 3
3127 4
3128 4
3129 3
3130 2
3131 3
3132 3
3133 4
3134 5
3135 6
3136 6
3137 5
3138 4
3139 5
3140 5
3141 5
3142 6
3143 7
3144 7
3145 6
3146 6
3147 7
3148 7
3149 8
3150 8
3151 9
3152 9
3153 10
3154 9
3155 10
3156 10
3157 9
3158 10
3159 10
3160 10
3161 11
3162 12
3163 11
3164 11
3165 10
3166 11
3167 10
3168 10
3169 9
3170 8
3171 7
3172 7
3173 8
3174 8
3175 8
3176 8
3177 8
3178 7
3179 7
3180 7
3181 6
3182 5
3183 6
3184 6
3185 6
3186 6
3187 5
3188 5
3189 6
3190 7
3191 6
3192 6
3193 7
3194 8
3195 8
3196 8
3197 9
3198 10
3199 11
3200 11
3201 10
3202 11
3203 10
3204 10
3205 11
3206 10
3207 11
3208 11
3209 10
3210 11
3211 11
3212 11
3213 11
3214 12
3215 13
3216 13
3217 12
3218 13
3219 12
3220 12
3221 11
3222 11
3223 12
3224 12
3225 12
3226 13
3227 14
3228 14
3229 13
3230 14
3231 14
3232 14
3233 15
3234 15
3235 16
3236 16
3237 15
3238 16
3239 17
3240 17
3241 18
3242 19
3243 18
3244 18
3245 17
3246 16
3247 17
3248 17
3249 17
3250 17
3251 16
3252 16
3253 15
3254 16
3255 17
3256 17
3257 16
3258 16
3259 15
3260 15
3261 16
3262 15
3263 16
3264 16
3265 17
3266 16
3267 16
3268 16
3269 17
3270 18
3271 17
3272 17
3273 18
3274 19
3275 19
3276 19
3277 20
3278 19
3279 20
3280 20
3281 21
3282 20
3283 20
3284 20
3285 20
3286 19
3287 20
3288 20
3289 19
3290 20
3291 21
3292 21
3293 22
3294 22
3295 23
3296 23
3297 22
3298 21
3299 20
3300 20
3301 19
3302 18
3303 18
3304 18
3305 19
3306 20
3307 19
3308 19
3309 20
3310 19
3311 18
3312 18
3313 17
3314 18
3315 19
3316 19
3317 20
3318 21
3319 20
3320 20
3321 20
3322 19
3323 18
3324 18
3325 18
3326 19
3327 20
3328 20
3329 19
3330 19
3331 18
3332 18
3333 17
3334 18
3335 17
3336 17
3337 18
3338 19
3339 19
3340 19
3341 20
3342 19
3343 18
3344 18
3345 17
3346 16
3347 15
3348 15
3349 16
3350 16
3351 17
3352 17
3353 18
3354 19
3355 18
3356 18
3357 18
3358 17
3359 16
3360 16
3361 15
3362 15
3363 14
3364 14
3365 15
3366 15
3367 14
3368 14
3369 15
3370 14
3371 13
3372 13
3373 12
3374 11
3375 11
3376 11
3377 12
3378 11
3379 12
3380 12
3381 12
3382 11
3383 12
3384 12
3385 13
3386 14
3387 15
3388 15
3389 14
3390 15
3391 14
3392 14
3393 14
3394 15
3395 14
3396 14
3397 15
3398 16
3399 15
3400 15
3401 16
3402 16
3403 17
3404 17
3405 16
3406 15
3407 14
3408 14
3409 15
3410 16
3411 16
3412 16
3413 15
3414 14
3415 15
3416 15
3417 14
3418 15
3419 16
3420 16
3421 17
3422 16
3423 15
3424 15
3425 15
3426 14
3427 15
3428 15
3429 15
3430 15
3431 16
3432 16
3433 15
3434 14
3435 13
3436 13
3437 14
3438 14
3439 15
3440 15
3441 14
3442 15
3443 16
3444 16
3445 15
3446 16
3447 16
3448 16
3449 15
3450 15
3451 14
3452 14
3453 15
3454 14
3455 15
3456 15
3457 14
3458 15
3459 16
3460 16
3461 15
3462 14
3463 13
3464 13
3465 13
3466 14
3467 13
3468 13
3469 12
3470 11
3471 10
3472 10
3473 11
3474 11
3475 11
3476 11
3477 10
3478 9
3479 9
3480 9
3481 9
3482 10
3483 10
3484 10
3485 9
3486 10
3487 11
3488 11
3489 12
3490 11
3491 10
3492 10
3493 11
3494 12
3495 11
3496 11
3497 12
3498 13
3499 12
3500 12
3501 12
3502 11
3503 12
3504 12
3505 13
3506 14
3507 13
3508 13
3509 13
3510 13
3511 12
3512 12
3513 13
3514 12
3515 11
3516 11
3517 10
3518 11
3519 11
3520 11
3521 12
3522 11
3523 12
3524 12
3525 12
3526 11
3527 10
3528 10
3529 9
3530 8
3531 7
3532 7
3533 6
3534 7
3535 6
3536 6
3537 6
3538 5
3539 4
3540 4
3541 3
3542 4
3543 5
3544 5
3545 6
3546 6
3547 5
3548 5
3549 5
3550 5
3551 6
3552 6
3553 5
3554 6
3555 6
3556 6
3557 5
3558 4
3559 3
3560 3
3561 4
3562 3
3563 4
3564 4
3565 3
3566 4
3567 3
3568 3
3569 4
3570 3
3571 2
3572 2
3573 2
3574 3
3575 3
3576 3
3577 3
3578 4
3579 5
3580 5
3581 4
3582 4
3583 3
3584 3
3585 2
3586 1
3587 2
3588 2
3589 3
3590 2
3591 2
3592 2
3593 1
3594 0
3595 1
3596 1
3597 0
3598 -1
3599 0
3600 0
3601 1
3602 2
3603 3
3604 3
3605 2
3606 1
3607 0
3608 0
3609 0
3610 0
3611 1
3612 1
3613 0
3614 -1
3615 -2
3616 -2
3617 -3
3618 -3
3619 -4
3620 -4
3621 -5
3622 -4
3623 -5
3624 -5
3625 -5
3626 -5
3627 -5
3628 -5
3629 -4
3630 -4
3631 -5
3632 -5
3633 -6
3634 -7
3635 -6
3636 -6
3637 -7
3638 -8
3639 -7
3640 -7
3641 -6
3642 -7
3643 -8
3644 -8
3645 -8
3646 -7
3647 -6
3648 -6
3649 -5
3650 -5
3651 -4
3652 -4
3653 -3
3654 -3
3655 -4
3656 -4
3657 -5
3658 -6
3659 -7
3660 -7
3661 -6
3662 -5
3663 -5
3664 -5
3665 -4
3666 -3
3667 -2
3668 -2
3669 -1
3670 -2
3671 -3
3672 -3
3673 -4
3674 -5
3675 -5
3676 -5
3677 -6
3678 -7
3679 -6
3680 -6
3681 -6
3682 -7
3683 -6
3684 -6
3685 -7
3686 -8
3687 -7
3688 -7
3689 -8
3690 -8
3691 -9
3692 -9
3693 -8
3694 -7
3695 -6
3696 -6
3697 -7
3698 -7
3699 -7
3700 -7
3701 -8
3702 -9
3703 -9
3704 -9
3705 -8
3706 -9
3707 -8
3708 -8
3709 -9
3710 -8
3711 -7
3712 -7
3713 -6
3714 -7
3715 -6
3716 -6
3717 -6
3718 -6
3719 -7
3720 -7
3721 -7
3722 -6
3723 -7
3724 -7
3725 -7
3726 -7
3727 -8
3728 -8
3729 -9
3730 -10
3731 -11
3732 -11
3733 -12
3734 -11
3735 -11
3736 -11
3737 -10
3738 -9
3739 -10
3740 -10
3741 -11
3742 -10
3743 -9
3744 -9
3745 -10
3746 -9
3747 -8
3748 -8
3749 -7
3750 -7
3751 -7
3752 -7
3753 -7
3754 -6
3755 -5
3756 -5
3757 -5
3758 -4
3759 -5
3760 -5
3761 -6
3762 -6
3763 -5
3764 -5
3765 -6
3766 -7
3767 -8
3768 -8
3769 -9
3770 -8
3771 -8
3772 -8
3773 -8
3774 -7
3775 -7
3776 -7
3777 -6
3778 -5
3779 -6
3780 -6
3781 -5
3782 -6
3783 -7
3784 -7
3785 -6
3786 -7
3787 -6
3788 -6
3789 -6
3790 -7
3791 -6
3792 -6
3793 -7
3794 -8
3795 -7
3796 -7
3797 -8
3798 -8
3799 -7
3800 -7
3801 -8
3802 -7
3803 -8
3804 -8
3805 -7
3806 -8
3807 -8
3808 -8
3809 -7
3810 -6
3811 -5
3812 -5
3813 -6
3814 -5
3815 -6
3816 -6
3817 -5
3818 -6
3819 -7
3820 -7
3821 -8
3822 -8
3823 -9
3824 -9
3825 -9
3826 -8
3827 -7
3828 -7
3829 -6
3830 -7
3831 -6
3832 -6
3833 -7
3834 -7
3835 -8
3836 -8
3837 -7
3838 -8
3839 -7
3840 -7
3841 -6
3842 -7
3843 -7
3844 -7
3845 -6
3846 -7
3847 -8
3848 -8
3849 -7
3850 -7
3851 -8
3852 -8
3853 -9
3854 -10
3855 -11
3856 -11
3857 -12
3858 -13
3859 -12
3860 -12
3861 -12
3862 -11
3863 -12
3864 -12
3865 -11
3866 -10
3867 -9
3868 -9
3869 -8
3870 -8
3871 -8
3872 -8
3873 -7
3874 -8
3875 -8
3876 -8
3877 -9
3878 -10
3879 -10
3880 -10
3881 -11
3882 -12
3883 -11
3884 -11
3885 -10
3886 -11
3887 -11
3888 -11
3889 -12
3890 -13
3891 -12
3892 -12
3893 -11
3894 -10
3895 -11
3896 -11
3897 -11
3898 -10
3899 -9
3900 -9
3901 -8
3902 -7
3903 -6
3904 -6
3905 -7
3906 -7
3907 -8
3908 -8
3909 -7
3910 -6
3911 -7
3912 -7
3913 -8
3914 -9
3915 -9
3916 -9
3917 -10
3918 -11
3919 -12
3920 -12
3921 -11
3922 -12
3923 -13
3924 -13
3925 -13
3926 -14
3927 -13
3928 -13
3929 -14
3930 -13
3931 -14
3932 -14
3933 -14
3934 -15
3935 -14
3936 -14
3937 -13
3938 -14
3939 -15
3940 -15
3941 -14
3942 -14
3943 -15
3944 -15
3945 -16
3946 -15
3947 -16
3948 -16
3949 -15
3950 -15
3951 -15
3952 -15
3953 -14
3954 -15
3955 -16
3956 -16
3957 -15
3958 -14
3959 -13
3960 -13
3961 -12
3962 -13
3963 -12
3964 -12
3965 -13
3966 -14
3967 -15
3968 -15
3969 -15
3970 -16
3971 -16
3972 -16
3973 -15
3974 -14
3975 -14
3976 -14
3977 -13
3978 -13
3979 -12
3980 -12
3981 -11
3982 -12
3983 -11
3984 -11
3985 -10
3986 -9
3987 -9
3988 -9
3989 -10
3990 -11
3991 -10
3992 -10
3993 -10
3994 -9
3995 -10
3996 -10
3997 -9
3998 -8
3999 -9
4000 -9
4001 -10
4002 -9
4003 -10
4004 -10
4005 -10
4006 -9
4007 -10
4008 -10
4009 -9
4010 -10
4011 -11
4012 -11
4013 -12
4014 -12
4015 -13
4016 -13
4017 -14
4018 -14
4019 -15
4020 -15
4021 -16
4022 -15
4023 -15
4024 -15
4025 -15
4026 -14
4027 -15
4028 -15
4029 -16
4030 -15
4031 -14
4032 -14
4033 -13
4034 -12
4035 -13
4036 -13
4037 -12
4038 -13
4039 -12
4040 -12
4041 -12
4042 -13
4043 -12
4044 -12
4045 -11
4046 -11
4047 -12
4048 -12
4049 -13
4050 -13
4051 -14
4052 -14
4053 -15
4054 -14
4055 -13
4056 -13
4057 -14
4058 -13
4059 -13
4060 -13
4061 -12
4062 -13
4063 -12
4064 -12
4065 -13
4066 -14
4067 -14
4068 -14
4069 -13
4070 -12
4071 -13
4072 -13
4073 -14
4074 -13
4075 -13
4076 -13
4077 -13
4078 -12
4079 -13
4080 -13
4081 -14
4082 -15
4083 -14
4084 -14
4085 -15
4086 -15
4087 -14
4088 -14
4089 -15
4090 -16
4091 -17
4092 -17
4093 -18
4094 -19
4095 -19
4096 -19
4097 -18
4098 -19
4099 -20
4100 -20
4101 -19
4102 -20
4103 -19
4104 -19
4105 -18
4106 -17
4107 -17
4108 -17
4109 -16
4110 -15
4111 -16
4112 -16
4113 -16
4114 -16
4115 -15
4116 -15
4117 -14
4118 -15
4119 -14
4120 -14
4121 -13
4122 -13
4123 -14
4124 -14
4125 -14
4126 -13
4127 -14
4128 -14
4129 -15
4130 -14
4131 -14
4132 -14
4133 -15
4134 -14
4135 -13
4136 -13
4137 -14
4138 -13
4139 -14
4140 -14
4141 -13
4142 -14
4143 -13
4144 -13
4145 -12
4146 -13
4147 -14
4148 -14
4149 -14
4150 -14
4151 -13
4152 -13
4153 -14
4154 -15
4155 -16
4156 -16
4157 -17
4158 -17
4159 -18
4160 -18
4161 -19
4162 -18
4163 -17
4164 -17
4165 -17
4166 -16
4167 -16
4168 -16
4169 -15
4170 -14
4171 -13
4172 -13
4173 -14
4174 -13
4175 -13
4176 -13
4177 -14
4178 -13
4179 -14
4180 -14
4181 -13
4182 -12
4183 -11
4184 -11
4185 -11
4186 -10
4187 -9
4188 -9
4189 -8
4190 -9
4191 -10
4192 -10
4193 -9
4194 -9
4195 -8
4196 -8
4197 -7
4198 -6
4199 -7
4200 -7
4201 -8
4202 -9
4203 -9
4204 -9
4205 -9
4206 -10
4207 -9
4208 -9
4209 -10
4210 -11
4211 -12
4212 -12
4213 -11
4214 -11
4215 -12
4216 -12
4217 -13
4218 -12
4219 -13
4220 -13
4221 -13
4222 -12
4223 -11
4224 -11
4225 -11
4226 -10
4227 -9
4228 -9
4229 -10
4230 -10
4231 -11
4232 -11
4233 -12
4234 -13
4235 -13
4236 -13
4237 -12
4238 -13
4239 -13
4240 -13
4241 -14
4242 -13
4243 -14
4244 -14
4245 -15
4246 -16
4247 -15
4248 -15
4249 -14
4250 -14
4251 -15
4252 -15
4253 -16
4254 -17
4255 -18
4256 -18
4257 -18
4258 -17
4259 -18
4260 -18
4261 -19
4262 -18
4263 -18
4264 -18
4265 -17
4266 -17
4267 -16
4268 -16
4269 -15
4270 -14
4271 -15
4272 -15
4273 -16
4274 -15
4275 -15
4276 -15
4277 -16
4278 -15
4279 -14
4280 -14
4281 -13
4282 -12
4283 -13
4284 -13
4285 -12
4286 -11
4287 -10
4288 -10
4289 -11
4290 -12
4291 -11
4292 -11
4293 -11
4294 -12
4295 -11
4296 -11
4297 -12
4298 -13
4299 -12
4300 -12
4301 -13
4302 -13
4303 -12
4304 -12
4305 -11
4306 -10
4307 -9
4308 -9
4309 -8
4310 -9
4311 -9
4312 -9
4313 -8
4314 -9
4315 -8
4316 -8
4317 -7
4318 -8
4319 -7
4320 -7
4321 -6
4322 -5
4323 -6
4324 -6
4325 -6
4326 -5
4327 -6
4328 -6
4329 -6
4330 -7
4331 -6
4332 -6
4333 -5
4334 -6
4335 -6
4336 -6
4337 -7
4338 -7
4339 -8
4340 -8
4341 -7
4342 -8
4343 -7
4344 -7
4345 -8
4346 -9
4347 -9
4348 -9
4349 -10
4350 -10
4351 -9
4352 -9
4353 -8
4354 -9
4355 -10
4356 -10
4357 -11
4358 -10
4359 -9
4360 -9
4361 -9
4362 -10
4363 -11
4364 -11
4365 -11
4366 -12
4367 -11
4368 -11
4369 -10
4370 -9
4371 -10
4372 -10
4373 -11
4374 -11
4375 -11
4376 -11
4377 -10
4378 -11
4379 -10
4380 -10
4381 -9
4382 -10
4383 -10
4384 -10
4385 -9
4386 -8
4387 -7
4388 -7
4389 -6
4390 -7
4391 -8
4392 -8
4393 -7
4394 -7
4395 -8
4396 -8
4397 -9
4398 -10
4399 -9
4400 -9
4401 -9
4402 -10
4403 -11
4404 -11
4405 -10
4406 -9
4407 -10
4408 -10
4409 -11
4410 -11
4411 -10
4412 -10
4413 -9
4414 -8
4415 -7
4416 -7
4417 -6
4418 -6
4419 -6
4420 -6
4421 -7
4422 -6
4423 -7
4424 -7
4425 -7
4426 -6
4427 -5
4428 -5
4429 -4
4430 -5
4431 -6
4432 -6
4433 -7
4434 -8
4435 -7
4436 -7
4437 -7
4438 -8
4439 -7
4440 -7
4441 -8
4442 -7
4443 -6
4444 -6
4445 -7
4446 -7
4447 -8
4448 -8
4449 -7
4450 -7
4451 -8
4452 -8
4453 -7
4454 -8
4455 -8
4456 -8
4457 -9
4458 -10
4459 -10
4460 -10
4461 -9
4462 -10
4463 -11
4464 -11
4465 -12
4466 -11
4467 -10
4468 -10
4469 -9
4470 -8
4471 -7
4472 -7
4473 -7
4474 -6
4475 -6
4476 -6
4477 -6
4478 -5
4479 -4
4480 -4
4481 -5
4482 -5
4483 -6
4484 -6
4485 -5
4486 -4
4487 -3
4488 -3
4489 -3
4490 -4
4491 -4
4492 -4
4493 -5
4494 -4
4495 -5
4496 -5
4497 -4
4498 -5
4499 -4
4500 -4
4501 -3
4502 -2
4503 -3
4504 -3
4505 -4
4506 -5
4507 -6
4508 -6
4509 -6
4510 -5
4511 -4
4512 -4
4513 -5
4514 -6
4515 -5
4516 -5
4517 -6
4518 -6
4519 -7
4520 -7
4521 -8
4522 -7
4523 -8
4524 -8
4525 -8
4526 -9
4527 -9
4528 -9
4529 -8
4530 -7
4531 -6
4532 -6
4533 -5
4534 -4
4535 -3
4536 -3
4537 -2
4538 -1
4539 -2
4540 -2
4541 -1
4542 -2
4543 -3
4544 -3
4545 -3
4546 -2
4547 -3
4548 -3
4549 -4
4550 -4
4551 -5
4552 -5
4553 -4
4554 -4
4555 -3
4556 -3
4557 -3
4558 -4
4559 -3
4560 -3
4561 -4
4562 -3
4563 -3
4564 -3
4565 -4
4566 -5
4567 -6
4568 -6
4569 -5
4570 -6
4571 -5
4572 -5
4573 -4
4574 -3
4575 -3
4576 -3
4577 -2
4578 -1
4579 0
4580 0
4581 0
4582 -1
4583 -2
4584 -2
4585 -3
4586 -2
4587 -3
4588 -3
4589 -2
4590 -2
4591 -3
4592 -3
4593 -2
4594 -1
4595 0
4596 0
4597 -1
4598 -1
4599 -1
4600 -1
4601 0
4602 1
4603 0
4604 0
4605 -1
4606 -1
4607 0
4608 0
4609 1
4610 0
4611 -1
4612 -1
4613 0
4614 -1
4615 -2
4616 -2
4617 -2
4618 -1
4619 0
4620 0
4621 -1
4622 0
4623 -1
4624 -1
4625 -1
4626 -1
4627 0
4628 0
4629 1
4630 0
4631 1
4632 1
4633 2
4634 1
4635 1
4636 1
4637 0
4638 -1
4639 -2
4640 -2
4641 -1
4642 -2
4643 -3
4644 -3
4645 -2
4646 -3
4647 -2
4648 -2
4649 -3
4650 -3
4651 -4
4652 -4
4653 -4
4654 -5
4655 -5
4656 -5
4657 -6
4658 -7
4659 -6
4660 -6
4661 -5
4662 -5
4663 -6
4664 -6
4665 -7
4666 -6
4667 -5
4668 -5
4669 -6
4670 -7
4671 -7
4672 -7
4673 -8
4674 -7
4675 -7
4676 -7
4677 -6
4678 -5
4679 -6
4680 -6
4681 -5
4682 -4
4683 -5
4684 -5
4685 -4
4686 -3
4687 -2
4688 -2
4689 -2
4690 -1
4691 -2
4692 -2
4693 -2
4694 -1
4695 -2
4696 -2
4697 -3
4698 -3
4699 -2
4700 -2
4701 -1
4702 0
4703 -1
4704 -1
4705 0
4706 -1
4707 -1
4708 -1
4709 0
4710 1
4711 2
4712 2
4713 3
4714 4
4715 3
4716 3
4717 4
4718 3
4719 3
4720 3
4721 2
4722 1
4723 0
4724 0
4725 0
4726 -1
4727 0
4728 0
4729 -1
4730 0
4731 -1
4732 -1
4733 -2
4734 -2
4735 -1
4736 -1
4737 0
4738 -1
4739 0
4740 0
4741 1
4742 2
4743 2
4744 2
4745 1
4746 2
4747 3
4748 3
4749 4
4750 4
4751 3
4752 3
4753 3
4754 4
4755 3
4756 3
4757 4
4758 5
4759 4
4760 4
4761 4
4762 5
4763 6
4764 6
4765 7
4766 8
4767 7
4768 7
4769 8
4770 8
4771 9
4772 9
4773 8
4774 9
4775 9
4776 9
4777 10
4778 11
4779 11
4780 11
4781 12
4782 11
4783 10
4784 10
4785 11
4786 12
4787 11
4788 11
4789 10
4790 9
4791 10
4792 10
4793 9
4794 10
4795 9
4796 9
4797 9
4798 10
4799 9
4800 9
4801 8
4802 8
4803 9
4804 9
4805 9
4806 9
4807 8
4808 8
4809 7
4810 8
4811 9
4812 9
4813 8
4814 7
4815 7
4816 7
4817 6
4818 7
4819 8
4820 8
4821 9
4822 10
4823 9
4824 9
4825 9
4826 8
4827 9
4828 9
4829 10
4830 9
4831 8
4832 8
4833 8
4834 9
4835 10
4836 10
4837 11
4838 10
4839 11
4840 11
4841 12
4842 12
4843 13
4844 13
4845 14
4846 15
4847 16
4848 16
4849 17
4850 17
4851 17
4852 17
4853 18
4854 17
4855 18
4856 18
4857 19
4858 18
4859 19
4860 19
4861 18
4862 19
4863 20
4864 20
4865 19
4866 18
4867 19
4868 19
4869 19
4870 18
4871 17
4872 17
4873 18
4874 19
4875 19
4876 19
4877 18
4878 18
4879 17
4880 17
4881 18
4882 19
4883 20
4884 20
4885 21
4886 20
4887 20
4888 20
4889 19
4890 20
4891 21
4892 21
4893 20
4894 21
4895 20
4896 20
4897 21
4898 20
4899 19
4900 19
4901 19
4902 20
4903 19
4904 19
4905 19
4906 18
4907 19
4908 19
4909 18
4910 17
4911 18
4912 18
4913 18
4914 18
4915 19
4916 19
4917 18
4918 19
4919 18
4920 18
4921 17
4922 16
4923 16
4924 16
4925 16
4926 15
4927 16
4928 16
4929 15
4930 16
4931 15
4932 15
4933 14
4934 15
4935 16
4936 16
4937 15
4938 14
4939 15
4940 15
4941 15
4942 14
4943 13
4944 13
4945 12
4946 13
4947 12
4948 12
4949 12
4950 12
4951 11
4952 11
4953 10
4954 11
4955 12
4956 12
4957 11
4958 10
4959 10
4960 10
4961 10
4962 9
4963 10
4964 10
4965 9
4966 8
4967 7
4968 7
4969 6
4970 7
4971 8
4972 8
4973 7
4974 6
4975 6
4976 6
4977 6
4978 5
4979 6
4980 6
4981 7
4982 6
4983 5
4984 5
4985 6
4986 6
4987 5
4988 5
4989 6
4990 5
4991 4
4992 4
4993 3
4994 2
4995 2
4996 2
4997 3
4998 3
4999 2
5000 2
5001 3
5002 2
5003 1
5004 1
5005 2
5006 3
5007 4
5008 4
5009 3
5010 4
5011 3
5012 3
5013 3
5014 2
5015 1
5016 1
5017 2
5018 1
5019 0
5020 0
5021 -1
5022 -1
5023 -2
5024 -2
5025 -2
5026 -3
5027 -2
5028 -2
5029 -1
5030 -2
5031 -2
5032 -2
5033 -1
5034 -2
5035 -3
5036 -3
5037 -4
5038 -5
5039 -6
5040 -6
5041 -6
5042 -5
5043 -5
5044 -5
5045 -4
5046 -4
5047 -4
5048 -4
5049 -4
5050 -4
5051 -5
5052 -5
5053 -4
5054 -4
5055 -5
5056 -5
5057 -4
5058 -4
5059 -5
5060 -5
5061 -6
5062 -5
5063 -4
5064 -4
5065 -3
5066 -4
5067 -4
5068 -4
5069 -3
5070 -3
5071 -2
5072 -2
5073 -3
5074 -4
5075 -4
5076 -4
5077 -5
5078 -4
5079 -3
5080 -3
5081 -4
5082 -4
5083 -5
5084 -5
5085 -5
5086 -4
5087 -5
5088 -5
5089 -4
5090 -5
5091 -4
5092 -4
5093 -3
5094 -3
5095 -2
5096 -2
5097 -1
5098 0
5099 -1
5100 -1
5101 -2
5102 -1
5103 -1
5104 -1
5105 0
5106 1
5107 0
5108 0
5109 -1
5110 0
5111 1
5112 1
5113 0
5114 1
5115 2
5116 2
5117 1
5118 0
5119 -1
5120 -1
5121 -1
5122 -2
5123 -1
5124 -1
5125 -1
5126 -2
5127 -1
5128 -1
5129 0
5130 0
5131 1
5132 1
5133 0
5134 -1
5135 -2
5136 -2
5137 -1
5138 -2
5139 -2
5140 -2
5141 -1
5142 -2
5143 -1
5144 -1
5145 -1
5146 -2
5147 -3
5148 -3
5149 -2
5150 -2
5151 -3
5152 -3
5153 -4
5154 -5
5155 -4
5156 -4
5157 -4
5158 -3
5159 -4
5160 -4
5161 -3
5162 -4
5163 -3
5164 -3
5165 -2
5166 -2
5167 -3
5168 -3
5169 -2
5170 -1
5171 -2
5172 -2
5173 -1
5174 -2
5175 -2
5176 -2
5177 -1
5178 -2
5179 -3
5180 -3
5181 -4
5182 -3
5183 -2
5184 -2
5185 -3
5186 -2
5187 -1
5188 -1
5189 -2
5190 -1
5191 0
5192 0
5193 0
5194 0
5195 1
5196 1
5197 0
5198 -1
5199 0
5200 0
5201 1
5202 1
5203 1
5204 1
5205 0
5206 -1
5207 0
5208 0
5209 -1
5210 -2
5211 -2
5212 -2
5213 -1
5214 0
5215 -1
5216 -1
5217 -2
5218 -1
5219 0
5220 0
5221 1
5222 0
5223 1
5224 1
5225 1
5226 2
5227 1
5228 1
5229 1
5230 0
5231 -1
5232 -1
5233 -2
5234 -1
5235 -2
5236 -2
5237 -3
5238 -3
5239 -3
5240 -3
5241 -2
5242 -1
5243 -1
5244 -1
5245 0
5246 -1
5247 -1
5248 -1
5249 0
5250 0
5251 1
5252 1
5253 0
5254 -1
5255 0
5256 0
5257 1
5258 0
5259 1
5260 1
5261 0
5262 -1
5263 0
5264 0
5265 0
5266 1
5267 2
5268 2
5269 3
5270 4
5271 3
5272 3
5273 2
5274 2
5275 2
5276 2
5277 3
5278 4
5279 3
5280 3
5281 2
5282 1
5283 1
5284 1
5285 0
5286 -1
5287 0
5288 0
5289 -1
5290 -1
5291 -2
5292 -2
5293 -1
5294 0
5295 -1
5296 -1
5297 -2
5298 -3
5299 -2
5300 -2
5301 -2
5302 -3
5303 -4
5304 -4
5305 -3
5306 -4
5307 -5
5308 -5
5309 -6
5310 -6
5311 -5
5312 -5
5313 -4
5314 -3
5315 -2
5316 -2
5317 -1
5318 0
5319 0
5320 0
5321 1
5322 0
5323 -1
5324 -1
5325 -1
5326 0
5327 1
5328 1
5329 1
5330 2
5331 3
5332 3
5333 2
5334 3
5335 2
5336 2
5337 2
5338 1
5339 2
5340 2
5341 2
5342 3
5343 2
5344 2
5345 3
5346 3
5347 2
5348 2
5349 3
5350 3
5351 2
5352 2
5353 3
5354 4
5355 4
5356 4
5357 5
5358 6
5359 7
5360 7
5361 8
5362 7
5363 8
5364 8
5365 7
5366 8
5367 9
5368 9
5369 8
5370 9
5371 10
5372 10
5373 10
5374 11
5375 11
5376 11
5377 12
5378 13
5379 12
5380 12
5381 11
5382 11
5383 12
5384 12
5385 11
5386 12
5387 11
5388 11
5389 12
5390 12
5391 12
5392 12
5393 11
5394 12
5395 11
5396 11
5397 10
5398 11
5399 10
5400 10
5401 11
5402 10
5403 11
5404 11
5405 10
5406 11
5407 10
5408 10
5409 10
5410 9
5411 10
5412 10
5413 9
5414 10
5415 10
5416 10
5417 9
5418 9
5419 8
5420 8
5421 7
5422 8
5423 7
5424 7
5425 7
5426 8
5427 8
5428 8
5429 9
5430 10
5431 9
5432 9
5433 10
5434 11
5435 12
5436 12
5437 11
5438 12
5439 12
5440 12
5441 11
5442 10
5443 9
5444 9
5445 9
5446 8
5447 9
5448 9
5449 8
5450 8
5451 7
5452 7
5453 6
5454 6
5455 7
5456 7
5457 6
5458 7
5459 8
5460 8
5461 9
5462 10
5463 10
5464 10
5465 11
5466 10
5467 9
5468 9
5469 10
5470 9
5471 8
5472 8
5473 9
5474 10
5475 10
5476 10
5477 9
5478 10
5479 9
5480 9
5481 9
5482 10
5483 9
5484 9
5485 10
5486 9
5487 8
5488 8
5489 9
5490 9
5491 9
5492 9
5493 10
5494 9
5495 8
5496 8
5497 9
5498 10
5499 10
5500 10
5501 9
5502 10
5503 9
5504 9
5505 8
5506 9
5507 8
5508 8
5509 9
5510 10
5511 9
5512 9
5513 10
5514 9
5515 10
5516 10
5517 10
5518 9
5519 8
5520 8
5521 7
5522 6
5523 5
5524 5
5525 5
5526 5
5527 4
5528 4
5529 3
5530 4
5531 3
5532 3
5533 4
5534 5
5535 5
5536 5
5537 5
5538 6
5539 7
5540 7
5541 8
5542 7
5543 8
5544 8
5545 9
5546 8
5547 8
5548 8
5549 9
5550 9
5551 8
5552 8
5553 8
5554 9
5555 8
5556 8
5557 7
5558 6
5559 5
5560 5
5561 6
5562 6
5563 5
5564 5
5565 6
5566 6
5567 7
5568 7
5569 6
5570 5
5571 5
5572 5
5573 4
5574 3
5575 3
5576 3
5577 3
5578 4
5579 5
5580 5
5581 4
5582 5
5583 6
5584 6
5585 7
5586 7
5587 8
5588 8
5589 8
5590 9
5591 8
5592 8
5593 7
5594 8
5595 7
5596 7
5597 8
5598 8
5599 9
5600 9
5601 10
5602 11
5603 12
5604 12
5605 11
5606 12
5607 12
5608 12
5609 13
5610 12
5611 13
5612 13
5613 14
5614 13
5615 14
5616 14
5617 15
5618 15
5619 16
5620 16
5621 15
5622 14
5623 13
5624 13
5625 13
5626 12
5627 13
5628 13
5629 14
5630 13
5631 14
5632 14
5633 15
5634 15
5635 15
5636 15
5637 16
5638 17
5639 16
5640 16
5641 15
5642 16
5643 16
5644 16
5645 17
5646 16
5647 15
5648 15
5649 14
5650 14
5651 13
5652 13
5653 12
5654 11
5655 12
5656 12
5657 11
5658 12
5659 11
5660 11
5661 11
5662 10
5663 11
5664 11
5665 10
5666 11
5667 12
5668 12
5669 11
5670 11
5671 12
5672 12
5673 11
5674 12
5675 12
5676 12
5677 13
5678 12
5679 12
5680 12
5681 11
5682 10
5683 9
5684 9
5685 8
5686 9
5687 9
5688 9
5689 8
5690 7
5691 6
5692 6
5693 5
5694 6
5695 5
5696 5
5697 5
5698 6
5699 7
5700 7
5701 6
5702 7
5703 8
5704 8
5705 7
5706 7
5707 8
5708 8
5709 7
5710 6
5711 5
5712 5
5713 6
5714 7
5715 7
5716 7
5717 6
5718 5
5719 4
5720 4
5721 5
5722 6
5723 7
5724 7
5725 7
5726 6
5727 5
5728 5
5729 6
5730 7
5731 8
5732 8
5733 8
5734 7
5735 6
5736 6
5737 5
5738 4
5739 5
5740 5
5741 4
5742 4
5743 3
5744 3
5745 2
5746 2
5747 3
5748 3
5749 2
5750 2
5751 2
5752 2
5753 3
5754 4
5755 5
5756 5
5757 4
5758 5
5759 6
5760 6
5761 7
5762 6
5763 5
5764 5
5765 6
5766 6
5767 7
5768 7
5769 7
5770 6
5771 7
5772 7
5773 8
5774 9
5775 9
5776 9
5777 10
5778 10
5779 9
5780 9
5781 8
5782 8
5783 7
5784 7
5785 6
5786 5
5787 5
5788 5
5789 6
5790 7
5791 6
5792 6
5793 7
5794 8
5795 7
5796 7
5797 6
5798 5
5799 6
5800 6
5801 5
5802 4
5803 5
5804 5
5805 5
5806 6
5807 5
5808 5
5809 6
5810 7
5811 6
5812 6
5813 5
5814 5
5815 6
5816 6
5817 5
5818 6
5819 6
5820 6
5821 5
5822 4
5823 4
5824 4
5825 4
5826 3
5827 2
5828 2
5829 1
5830 2
5831 2
5832 2
5833 3
5834 4
5835 3
5836 3
5837 4
5838 5
5839 4
5840 4
5841 4
5842 3
5843 2
5844 2
5845 1
5846 0
5847 1
5848 1
5849 0
5850 0
5851 -1
5852 -1
5853 0
5854 1
5855 2
5856 2
5857 1
5858 0
5859 0
5860 0
5861 -1
5862 -2
5863 -3
5864 -3
5865 -2
5866 -3
5867 -4
5868 -4
5869 -5
5870 -6
5871 -7
5872 -7
5873 -6
5874 -5
5875 -5
5876 -5
5877 -5
5878 -4
5879 -5
5880 -5
5881 -6
5882 -7
5883 -8
5884 -8
5885 -9
5886 -9
5887 -9
5888 -9
5889 -10
5890 -9
5891 -8
5892 -8
5893 -7
5894 -8
5895 -8
5896 -8
5897 -9
5898 -10
5899 -9
5900 -9
5901 -10
5902 -11
5903 -12
5904 -12
5905 -11
5906 -10
5907 -11
5908 -11
5909 -10
5910 -9
5911 -8
5912 -8
5913 -8
5914 -7
5915 -7
5916 -7
5917 -6
5918 -7
5919 -6
5920 -6
5921 -5
5922 -5
5923 -6
5924 -6
5925 -6
5926 -5
5927 -6
5928 -6
5929 -6
5930 -7
5931 -7
5932 -7
5933 -6
5934 -5
5935 -4
5936 -4
5937 -3
5938 -2
5939 -3
5940 -3
5941 -2
5942 -1
5943 -2
5944 -2
5945 -3
5946 -4
5947 -3
5948 -3
5949 -3
5950 -3
5951 -2
5952 -2
5953 -3
5954 -4
5955 -5
5956 -5
5957 -6
5958 -6
5959 -5
5960 -5
5961 -4
5962 -5
5963 -4
5964 -4
5965 -3
5966 -4
5967 -4
5968 -4
5969 -3
5970 -2
5971 -1
5972 -1
5973 -2
5974 -3
5975 -3
5976 -3
5977 -2
5978 -2
5979 -1
5980 -1
5981 -2
5982 -3
5983 -2
5984 -2
5985 -2
5986 -3
5987 -4
5988 -4
5989 -3
5990 -4
5991 -3
5992 -3
5993 -2
5994 -2
5995 -3
5996 -3
5997 -2
5998 -1
5999 0
6000 0
6001 1
6002 2
6003 2
6004 2
6005 3
6006 2
6007 1
6008 1
6009 2
6010 1
6011 0
6012 0
6013 1
6014 0
6015 -1
6016 -1
6017 0
6018 1
6019 2
6020 2
6021 2
6022 3
6023 4
6024 4
6025 4
6026 3
6027 3
6028 3
6029 2
6030 2
6031 3
6032 3
6033 4
6034 3
6035 2
6036 2
6037 1
6038 2
6039 2
6040 2
6041 3
6042 4
6043 3
6044 3
6045 4
6046 5
6047 4
6048 4
6049 5
6050 5
6051 6
6052 6
6053 5
6054 4
6055 3
6056 3
6057 3
6058 2
6059 3
6060 3
6061 2
6062 1
6063 0
6064 0
6065 1
6066 1
6067 0
6068 0
6069 0
6070 -1
6071 0
6072 0
6073 -1
6074 0
6075 0
6076 0
6077 1
6078 0
6079 -1
6080 -1
6081 0
6082 1
6083 0
6084 0
6085 1
6086 0
6087 1
6088 1
6089 0
6090 -1
6091 -2
6092 -2
6093 -2
6094 -3
6095 -4
6096 -4
6097 -5
6098 -4
6099 -5
6100 -5
6101 -6
6102 -6
6103 -5
6104 -5
6105 -4
6106 -5
6107 -4
6108 -4
6109 -3
6110 -2
6111 -2
6112 -2
6113 -3
6114 -4
6115 -3
6116 -3
6117 -2
6118 -1
6119 0
6120 0
6121 -1
6122 0
6123 -1
6124 -1
6125 -1
6126 -2
6127 -1
6128 -1
6129 -1
6130 -2
6131 -3
6132 -3
6133 -4
6134 -3
6135 -4
6136 -4
6137 -4
6138 -4
6139 -3
6140 -3
6141 -4
6142 -5
6143 -6
6144 -6
6145 -5
6146 -6
6147 -6
6148 -6
6149 -7
6150 -7
6151 -8
6152 -8
6153 -9
6154 -10
6155 -9
6156 -9
6157 -8
6158 -7
6159 -6
6160 -6
6161 -5
6162 -4
6163 -5
6164 -5
6165 -5
6166 -4
6167 -3
6168 -3
6169 -2
6170 -3
6171 -3
6172 -3
6173 -4
6174 -4
6175 -4
6176 -4
6177 -5
6178 -4
6179 -3
6180 -3
6181 -2
6182 -3
6183 -3
6184 -3
6185 -2
6186 -3
6187 -2
6188 -2
6189 -1
6190 -2
6191 -1
6192 -1
6193 0
6194 -1
6195 0
6196 0
6197 -1
6198 -2
6199 -3
6200 -3
6201 -3
6202 -4
6203 -5
6204 -5
6205 -6
6206 -7
6207 -6
6208 -6
6209 -5
6210 -5
6211 -6
6212 -6
6213 -7
6214 -8
6215 -9
6216 -9
6217 -10
6218 -9
6219 -9
6220 -9
6221 -10
6222 -9
6223 -9
6224 -9
6225 -9
6226 -10
6227 -9
6228 -9
6229 -10
6230 -9
6231 -10
6232 -10
6233 -9
6234 -10
6235 -11
6236 -11
6237 -11
6238 -10
6239 -9
6240 -9
6241 -9
6242 -8
6243 -7
6244 -7
6245 -6
6246 -6
6247 -7
6248 -7
6249 -6
6250 -6
6251 -7
6252 -7
6253 -7
6254 -8
6255 -8
6256 -8
6257 -9
6258 -8
6259 -7
6260 -7
6261 -6
6262 -7
6263 -8
6264 -8
6265 -9
6266 -10
6267 -9
6268 -9
6269 -10
6270 -11
6271 -12
6272 -12
6273 -12
6274 -11
6275 -11
6276 -11
6277 -12
6278 -13
6279 -12
6280 -12
6281 -11
6282 -11
6283 -10
6284 -10
6285 -11
6286 -12
6287 -13
6288 -13
6289 -12
6290 -11
6291 -11
6292 -11
6293 -12
6294 -13
6295 -12
6296 -12
6297 -11
6298 -12
6299 -13
6300 -13
6301 -14
6302 -15
6303 -16
6304 -16
6305 -17
6306 -18
6307 -19
6308 -19
6309 -19
6310 -20
6311 -21
6312 -21
6313 -20
6314 -19
6315 -20
6316 -20
6317 -21
6318 -21
6319 -20
6320 -20
6321 -20
6322 -21
6323 -22
6324 -22
6325 -22
6326 -21
6327 -21
6328 -21
6329 -22
6330 -21
6331 -20
6332 -20
6333 -19
6334 -18
6335 -19
6336 -19
6337 -20
6338 -19
6339 -18
6340 -18
6341 -17
6342 -16
6343 -17
6344 -17
6345 -17
6346 -18
6347 -17
6348 -17
6349 -16
6350 -16
6351 -17
6352 -17
6353 -18
6354 -18
6355 -19
6356 -19
6357 -20
6358 -20
6359 -21
6360 -21
6361 -22
6362 -21
6363 -21
6364 -21
6365 -22
6366 -23
6367 -24
6368 -24
6369 -25
6370 -25
6371 -24
6372 -24
6373 -25
6374 -24
6375 -24
6376 -24
6377 -23
6378 -24
6379 -25
6380 -25
6381 -25
6382 -24
6383 -23
6384 -23
6385 -22
6386 -23
6387 -22
6388 -22
6389 -23
6390 -23
6391 -24
6392 -24
6393 -23
6394 -24
6395 -23
6396 -23
6397 -24
6398 -25
6399 -25
6400 -25
6401 -24
6402 -23
6403 -22
6404 -22
6405 -21
6406 -20
6407 -19
6408 -19
6409 -20
6410 -21
6411 -20
6412 -20
6413 -20
6414 -21
6415 -20
6416 -20
6417 -20
6418 -19
6419 -19
6420 -19
6421 -20
6422 -20
6423 -19
6424 -19
6425 -19
6426 -19
6427 -20
6428 -20
6429 -19
6430 -20
6431 -19
6432 -19
6433 -18
6434 -17
6435 -17
6436 -17
6437 -16
6438 -15
6439 -14
6440 -14
6441 -15
6442 -14
6443 -13
6444 -13
6445 -12
6446 -13
6447 -14
6448 -14
6449 -15
6450 -15
6451 -16
6452 -16
6453 -16
6454 -17
6455 -16
6456 -16
6457 -15
6458 -14
6459 -13
6460 -13
6461 -14
6462 -14
6463 -13
6464 -13
6465 -14
6466 -15
6467 -14
6468 -14
6469 -15
6470 -16
6471 -16
6472 -16
6473 -17
6474 -16
6475 -16
6476 -16
6477 -17
6478 -18
6479 -19
6480 -19
6481 -20
6482 -21
6483 -20
6484 -20
6485 -19
6486 -18
6487 -17
6488 -17
6489 -17
6490 -16
6491 -17
6492 -17
6493 -16
6494 -17
6495 -18
6496 -18
6497 -17
6498 -17
6499 -16
6500 -16
6501 -17
6502 -16
6503 -15
6504 -15
6505 -14
6506 -13
6507 -13
6508 -13
6509 -12
6510 -13
6511 -12
6512 -12
6513 -13
6514 -12
6515 -11
6516 -11
6517 -11
6518 -10
6519 -11
6520 -11
6521 -12
6522 -13
6523 -12
6524 -12
6525 -12
6526 -13
6527 -12
6528 -12
6529 -13
6530 -14
6531 -15
6532 -15
6533 -14
6534 -14
6535 -13
6536 -13
6537 -12
6538 -13
6539 -12
6540 -12
6541 -11
6542 -10
6543 -10
6544 -10
6545 -9
6546 -10
6547 -11
6548 -11
6549 -12
6550 -12
6551 -13
6552 -13
6553 -14
6554 -15
6555 -14
6556 -14
6557 -13
6558 -14
6559 -13
6560 -13
6561 -13
6562 -14
6563 -15
6564 -15
6565 -16
6566 -16
6567 -17
6568 -17
6569 -18
6570 -18
6571 -19
6572 -19
6573 -20
6574 -21
6575 -21
6576 -21
6577 -22
6578 -21
6579 -21
6580 -21
6581 -22
6582 -23
6583 -22
6584 -22
6585 -23
6586 -24
6587 -23
6588 -23
6589 -22
6590 -23
6591 -23
6592 -23
6593 -22
6594 -21
6595 -20
6596 -20
6597 -20
6598 -19
6599 -20
6600 -20
6601 -21
6602 -20
6603 -21
6604 -21
6605 -20
6606 -20
6607 -21
6608 -21
6609 -20
6610 -21
6611 -20
6612 -20
6613 -19
6614 -18
6615 -18
6616 -18
6617 -17
6618 -18
6619 -19
6620 -19
6621 -18
6622 -17
6623 -16
6624 -16
6625 -16
6626 -15
6627 -15
6628 -15
6629 -14
6630 -15
6631 -14
6632 -14
6633 -14
6634 -15
6635 -14
6636 -14
6637 -15
6638 -14
6639 -13
6640 -13
6641 -12
6642 -12
6643 -13
6644 -13
6645 -14
6646 -13
6647 -13
6648 -13
6649 -12
6650 -12
6651 -12
6652 -12
6653 -13
6654 -14
6655 -14
6656 -14
6657 -15
6658 -14
6659 -15
6660 -15
6661 -16
6662 -15
6663 -14
6664 -14
6665 -15
6666 -14
6667 -13
6668 -13
6669 -13
6670 -12
6671 -11
6672 -11
6673 -12
6674 -13
6675 -13
6676 -13
6677 -12
6678 -12
6679 -13
6680 -13
6681 -14
6682 -15
6683 -14
6684 -14
6685 -15
6686 -14
6687 -14
6688 -14
6689 -15
6690 -14
6691 -15
6692 -15
6693 -16
6694 -15
6695 -16
6696 -16
6697 -15
6698 -16
6699 -15
6700 -15
6701 -16
6702 -17
6703 -18
6704 -18
6705 -18
6706 -19
6707 -18
6708 -18
6709 -19
6710 -18
6711 -17
6712 -17
6713 -17
6714 -17
6715 -18
6716 -18
6717 -17
6718 -16
6719 -17
6720 -17
6721 -18
6722 -17
6723 -17
6724 -17
6725 -17
6726 -16
6727 -16
6728 -16
6729 -15
6730 -16
6731 -15
6732 -15
6733 -16
6734 -15
6735 -16
6736 -16
6737 -17
6738 -18
6739 -17
6740 -17
6741 -17
6742 -16
6743 -15
6744 -15
6745 -16
6746 -15
6747 -16
6748 -16
6749 -15
6750 -15
6751 -14
6752 -14
6753 -13
6754 -14
6755 -15
6756 -15
6757 -14
6758 -15
6759 -15
6760 -15
6761 -16
6762 -16
6763 -17
6764 -17
6765 -16
6766 -17
6767 -16
6768 -16
6769 -15
6770 -16
6771 -17
6772 -17
6773 -16
6774 -17
6775 -17
6776 -17
6777 -17
6778 -16
6779 -17
6780 -17
6781 -18
6782 -17
6783 -16
6784 -16
6785 -17
6786 -17
6787 -16
6788 -16
6789 -17
6790 -16
6791 -17
6792 -17
6793 -18
6794 -19
6795 -19
6796 -19
6797 -18
6798 -17
6799 -16
6800 -16
6801 -15
6802 -16
6803 -17
6804 -17
6805 -16
6806 -17
6807 -16
6808 -16
6809 -15
6810 -14
6811 -14
6812 -14
6813 -14
6814 -13
6815 -14
6816 -14
6817 -13
6818 -14
6819 -13
6820 -13
6821 -12
6822 -12
6823 -13
6824 -13
6825 -13
6826 -12
6827 -13
6828 -13
6829 -14
6830 -15
6831 -15
6832 -15
6833 -16
6834 -15
6835 -14
6836 -14
6837 -15
6838 -16
6839 -15
6840 -15
6841 -16
6842 -17
6843 -16
6844 -16
6845 -16
6846 -15
6847 -14
6848 -14
6849 -14
6850 -14
6851 -15
6852 -15
6853 -16
6854 -17
6855 -18
6856 -18
6857 -19
6858 -19
6859 -19
6860 -19
6861 -18
6862 -19
6863 -20
6864 -20
6865 -19
6866 -18
6867 -18
6868 -18
6869 -19
6870 -18
6871 -19
6872 -19
6873 -20
6874 -21
6875 -21
6876 -21
6877 -21
6878 -22
6879 -21
6880 -21
6881 -20
6882 -19
6883 -20
6884 -20
6885 -20
6886 -21
6887 -20
6888 -20
6889 -20
6890 -19
6891 -18
6892 -18
6893 -17
6894 -17
6895 -18
6896 -18
6897 -18
6898 -17
6899 -18
6900 -18
6901 -17
6902 -16
6903 -16
6904 -16
6905 -15
6906 -16
6907 -17
6908 -17
6909 -17
6910 -18
6911 -19
6912 -19
6913 -18
6914 -17
6915 -18
6916 -18
6917 -19
6918 -20
6919 -21
6920 -21
6921 -21
6922 -20
6923 -21
6924 -21
6925 -21
6926 -20
6927 -19
6928 -19
6929 -19
6930 -19
6931 -18
6932 -18
6933 -17
6934 -16
6935 -17
6936 -17
6937 -16
6938 -15
6939 -15
6940 -15
6941 -14
6942 -13
6943 -12
6944 -12
6945 -13
6946 -14
6947 -15
6948 -15
6949 -16
6950 -16
6951 -17
6952 -17
6953 -16
6954 -15
6955 -16
6956 -16
6957 -16
6958 -16
6959 -17
6960 -17
6961 -18
6962 -18
6963 -19
6964 -19
6965 -20
6966 -20
6967 -21
6968 -21
6969 -22
6970 -21
6971 -22
6972 -22
6973 -21
6974 -22
6975 -22
6976 -22
6977 -23
6978 -24
6979 -23
6980 -23
6981 -24
6982 -23
6983 -24
6984 -24
6985 -25
6986 -26
6987 -27
6988 -27
6989 -26
6990 -25
6991 -26
6992 -26
6993 -26
6994 -27
6995 -26
6996 -26
6997 -27
6998 -26
6999 -25
7000 -25
7001 -26
7002 -26
7003 -25
7004 -25
7005 -26
7006 -27
7007 -27
7008 -27
7009 -26
7010 -27
7011 -27
7012 -27
7013 -28
7014 -27
7015 -28
7016 -28
7017 -27
7018 -27
7019 -28
7020 -28
7021 -29
7022 -28
7023 -27
7024 -27
7025 -27
7026 -28
7027 -29
7028 -29
7029 -29
7030 -28
7031 -27
7032 -27
7033 -26
7034 -25
7035 -24
7036 -24
7037 -23
7038 -23
7039 -24
7040 -24
7041 -23
7042 -24
7043 -25
7044 -25
7045 -24
7046 -25
7047 -25
7048 -25
7049 -26
7050 -26
7051 -25
7052 -25
7053 -24
7054 -23
7055 -24
7056 -24
7057 -25
7058 -24
7059 -25
7060 -25
7061 -24
7062 -23
7063 -22
7064 -22
7065 -22
7066 -21
7067 -20
7068 -20
7069 -21
7070 -20
7071 -19
7072 -19
7073 -18
7074 -18
7075 -18
7076 -18
7077 -19
7078 -18
7079 -19
7080 -19
7081 -18
7082 -17
7083 -17
7084 -17
7085 -18
7086 -19
7087 -18
7088 -18
7089 -19
7090 -20
7091 -19
7092 -19
7093 -18
7094 -17
7095 -16
7096 -16
7097 -15
7098 -15
7099 -14
7100 -14
7101 -14
7102 -15
7103 -16
7104 -16
7105 -16
7106 -15
7107 -16
7108 -16
7109 -17
7110 -17
7111 -16
7112 -16
7113 -15
7114 -14
7115 -13
7116 -13
7117 -12
7118 -11
7119 -11
7120 -11
7121 -12
7122 -13
7123 -12
7124 -12
7125 -12
7126 -13
7127 -14
7128 -14
7129 -15
7130 -14
7131 -13
7132 -13
7133 -12
7134 -11
7135 -10
7136 -10
7137 -10
7138 -11
7139 -11
7140 -11
7141 -10
7142 -9
7143 -8
7144 -8
7145 -7
7146 -7
7147 -6
7148 -6
7149 -5
7150 -5
7151 -6
7152 -6
7153 -5
7154 -5
7155 -5
7156 -5
7157 -4
7158 -5
7159 -6
7160 -6
7161 -5
7162 -4
7163 -5
7164 -5
7165 -4
7166 -3
7167 -2
7168 -2
7169 -1
7170 0
7171 1
7172 1
7173 1
7174 0
7175 0
7176 0
7177 -1
7178 -2
7179 -1
7180 -1
7181 0
7182 0
7183 1
7184 1
7185 0
7186 1
7187 0
7188 0
7189 -1
7190 -2
7191 -2
7192 -2
7193 -3
7194 -2
7195 -1
7196 -1
7197 0
7198 -1
7199 0
7200 0
7201 1
7202 0
7203 0
7204 0
7205 -1
7206 -2
7207 -3
7208 -3
7209 -3
7210 -2
7211 -3
7212 -3
7213 -4
7214 -3
7215 -2
7216 -2
7217 -1
7218 -1
7219 -2
7220 -2
7221 -3
7222 -4
7223 -3
7224 -3
7225 -3
7226 -2
7227 -2
7228 -2
7229 -3
7230 -2
7231 -1
7232 -1
7233 0
7234 1
7235 2
7236 2
7237 1
7238 2
7239 1
7240 1
7241 2
7242 3
7243 2
7244 2
7245 2
7246 3
7247 2
7248 2
7249 3
7250 3
7251 4
7252 4
7253 3
7254 3
7255 4
7256 4
7257 3
7258 2
7259 1
7260 1
7261 2
7262 3
7263 3
7264 3
7265 4
7266 5
7267 5
7268 5
7269 6
7270 5
7271 6
7272 6
7273 7
7274 8
7275 8
7276 8
7277 9
7278 8
7279 9
7280 9
7281 9
7282 8
7283 7
7284 7
7285 6
7286 7
7287 6
7288 6
7289 7
7290 7
7291 8
7292 8
7293 9
7294 8
7295 9
7296 9
7297 8
7298 7
7299 7
7300 7
7301 7
7302 6
7303 7
7304 7
7305 6
7306 5
7307 4
7308 4
7309 3
7310 4
7311 5
7312 5
7313 6
7314 7
7315 8
7316 8
7317 8
7318 9
7319 10
7320 10
7321 9
7322 8
7323 9
7324 9
7325 9
7326 9
7327 10
7328 10
7329 9
7330 8
7331 7
7332 7
7333 6
7334 5
7335 5
7336 5
7337 4
7338 3
7339 4
7340 4
7341 5
7342 6
7343 7
7344 7
7345 6
7346 7
7347 6
7348 6
7349 5
7350 5
7351 4
7352 4
7353 4
7354 5
7355 6
7356 6
7357 7
7358 6
7359 5
7360 5
7361 6
7362 6
7363 7
7364 7
7365 6
7366 5
7367 6
7368 6
7369 5
7370 6
7371 6
7372 6
7373 7
7374 6
7375 6
7376 6
7377 7
7378 8
7379 9
7380 9
7381 9
7382 10
7383 9
7384 9
7385 8
7386 7
7387 8
7388 8
7389 8
7390 7
7391 8
7392 8
7393 7
7394 8
7395 9
7396 9
7397 10
7398 10
7399 10
7400 10
7401 11
7402 12
7403 13
7404 13
7405 14
7406 14
7407 14
7408 14
7409 15
7410 14
7411 13
7412 13
7413 12
7414 11
7415 12
7416 12
7417 11
7418 12
7419 13
7420 13
7421 14
7422 13
7423 14
7424 14
7425 14
7426 13
7427 14
7428 14
7429 13
7430 12
7431 13
7432 13
7433 12
7434 12
7435 13
7436 13
7437 12
7438 13
7439 14
7440 14
7441 15
7442 15
7443 15
7444 15
7445 16
7446 17
7447 18
7448 18
7449 17
7450 17
7451 16
7452 16
7453 17
7454 18
7455 19
7456 19
7457 18
7458 19
7459 18
7460 18
7461 18
7462 19
7463 20
7464 20
7465 21
7466 22
7467 21
7468 21
7469 20
7470 20
7471 21
7472 21
7473 20
7474 19
7475 19
7476 19
7477 18
7478 19
7479 19
7480 19
7481 18
7482 19
7483 20
7484 20
7485 19
7486 18
7487 17
7488 17
7489 16
7490 17
7491 16
7492 16
7493 17
7494 16
7495 17
7496 17
7497 17
7498 16
7499 15
7500 15
7501 16
7502 16
7503 15
7504 15
7505 14
7506 14
7507 13
7508 13
7509 14
7510 13
7511 12
7512 12
7513 13
7514 13
7515 13
7516 13
7517 12
7518 13
7519 14
7520 14
7521 13
7522 14
7523 13
7524 13
7525 13
7526 12
7527 11
7528 11
7529 10
7530 11
7531 12
7532 12
7533 12
7534 13
7535 12
7536 12
7537 11
7538 12
7539 11
7540 11
7541 10
7542 10
7543 11
7544 11
7545 10
7546 10
7547 9
7548 9
7549 8
7550 8
7551 8
7552 8
7553 7
7554 6
7555 7
7556 7
7557 6
7558 7
7559 6
7560 6
7561 5
7562 4
7563 5
7564 5
7565 4
7566 5
7567 4
7568 4
7569 4
7570 3
7571 4
7572 4
7573 3
7574 2
7575 2
7576 2
7577 1
7578 1
7579 0
7580 0
7581 0
7582 -1
7583 -2
7584 -2
7585 -3
7586 -2
7587 -2
7588 -2
7589 -3
7590 -4
7591 -5
7592 -5
7593 -4
7594 -3
7595 -3
7596 -3
7597 -2
7598 -3
7599 -4
7600 -4
7601 -3
7602 -2
7603 -3
7604 -3
7605 -3
7606 -2
7607 -3
7608 -3
7609 -2
7610 -3
7611 -4
7612 -4
7613 -3
7614 -3
7615 -2
7616 -2
7617 -1
7618 -2
7619 -1
7620 -1
7621 -2
7622 -3
7623 -3
7624 -3
7625 -3
7626 -2
7627 -1
7628 -1
7629 0
7630 1
7631 2
7632 2
7633 3
7634 2
7635 1
7636 1
7637 2
7638 3
7639 2
7640 2
7641 2
7642 3
7643 2
7644 2
7645 1
7646 2
7647 3
7648 3
7649 2
7650 2
7651 3
7652 3
7653 4
7654 3
7655 4
7656 4
7657 3
7658 2
7659 2
7660 2
7661 3
7662 2
7663 3
7664 3
7665 4
7666 5
7667 4
7668 4
7669 3
7670 4
7671 5
7672 5
7673 4
7674 3
7675 3
7676 3
7677 3
7678 2
7679 3
7680 3
7681 2
7682 1
7683 0
7684 0
7685 -1
7686 -1
7687 -2
7688 -2
7689 -3
7690 -4
7691 -5
7692 -5
7693 -5
7694 -4
7695 -4
7696 -4
7697 -3
7698 -4
7699 -5
7700 -5
7701 -6
7702 -5
7703 -6
7704 -6
7705 -7
7706 -6
7707 -7
7708 -7
7709 -6
7710 -5
7711 -4
7712 -4
7713 -4
7714 -3
7715 -2
7716 -2
7717 -3
7718 -4
7719 -5
7720 -5
7721 -4
7722 -4
7723 -5
7724 -5
7725 -5
7726 -4
7727 -5
7728 -5
7729 -4
7730 -5
7731 -5
7732 -5
7733 -6
7734 -7
7735 -6
7736 -6
7737 -5
7738 -6
7739 -5
7740 -5
7741 -6
7742 -6
7743 -7
7744 -7
7745 -6
7746 -7
7747 -6
7748 -6
7749 -6
7750 -6
7751 -5
7752 -5
7753 -6
7754 -5
7755 -4
7756 -4
7757 -5
7758 -5
7759 -6
7760 -6
7761 -7
7762 -6
7763 -5
7764 -5
7765 -4
7766 -5
7767 -5
7768 -5
7769 -4
7770 -5
7771 -4
7772 -4
7773 -3
7774 -3
7775 -3
7776 -3
7777 -4
7778 -3
7779 -2
7780 -2
7781 -1
7782 -2
7783 -1
7784 -1
7785 -1
7786 -2
7787 -1
7788 -1
7789 -2
7790 -1
7791 -1
7792 -1
7793 -2
7794 -2
7795 -1
7796 -1
7797 -2
7798 -3
7799 -2
7800 -2
7801 -1
7802 -2
7803 -2
7804 -2
7805 -3
7806 -4
7807 -3
7808 -3
7809 -4
7810 -3
7811 -2
7812 -2
7813 -1
7814 0
7815 -1
7816 -1
7817 -2
7818 -3
7819 -2
7820 -2
7821 -2
7822 -1
7823 -2
7824 -2
7825 -2
7826 -1
7827 0
7828 0
7829 -1
7830 -1
7831 0
7832 0
7833 -1
7834 0
7835 1
7836 1
7837 2
7838 3
7839 3
7840 3
7841 2
7842 1
7843 0
7844 0
7845 -1
7846 0
7847 -1
7848 -1
7849 0
7850 0
7851 1
7852 1
7853 0
7854 -1
7855 0
7856 0
7857 0
7858 1
7859 2
7860 2
7861 3
7862 4
7863 5
7864 5
7865 5
7866 5
7867 4
7868 4
7869 3
7870 2
7871 3
7872 3
7873 2
7874 1
7875 1
7876 1
7877 0
7878 1
7879 0
7880 0
7881 -1
7882 -2
7883 -3
7884 -3
7885 -4
7886 -3
7887 -4
7888 -4
7889 -4
7890 -3
7891 -2
7892 -2
7893 -2
7894 -1
7895 0
7896 0
7897 1
7898 0
7899 1
7900 1
7901 0
7902 0
7903 1
7904 1
7905 2
7906 1
7907 0
7908 0
7909 1
7910 2
7911 2
7912 2
7913 3
7914 2
7915 3
7916 3
7917 4
7918 3
7919 2
7920 2
7921 2
7922 1
7923 0
7924 0
7925 0
7926 -1
7927 -2
7928 -2
7929 -2
7930 -1
7931 -2
7932 -2
7933 -3
7934 -2
7935 -2
7936 -2
7937 -3
7938 -3
7939 -2
7940 -2
7941 -1
7942 -1
7943 -1
7944 -1
7945 -2
7946 -3
7947 -3
7948 -3
7949 -4
7950 -4
7951 -5
7952 -5
7953 -6
7954 -7
7955 -8
7956 -8
7957 -7
7958 -8
7959 -9
7960 -9
7961 -8
7962 -9
7963 -10
7964 -10
7965 -10
7966 -11
7967 -10
7968 -10
7969 -9
7970 -10
7971 -9
7972 -9
7973 -10
7974 -10
7975 -10
7976 -10
7977 -9
7978 -8
7979 -7
7980 -7
7981 -6
7982 -7
7983 -7
7984 -7
7985 -6
7986 -6
7987 -6
7988 -6
7989 -5
7990 -4
7991 -3
7992 -3
7993 -4
7994 -5
7995 -4
7996 -4
7997 -3
7998 -2
7999 -1
8000 -1
8001 -1
8002 0
8003 1
8004 1
8005 2
8006 3
8007 2
8008 2
8009 1
8010 1
8011 0
8012 0
8013 1
8014 2
8015 1
8016 1
8017 0
8018 -1
8019 -1
8020 -1
8021 0
8022 1
8023 2
8024 2
8025 2
8026 3
8027 4
8028 4
8029 3
8030 4
8031 5
8032 5
8033 6
8034 7
8035 8
8036 8
8037 8
8038 9
8039 8
8040 8
8041 7
8042 8
8043 7
8044 7
8045 8
8046 8
8047 9
8048 9
8049 10
8050 10
8051 11
8052 11
8053 10
8054 11
8055 11
8056 11
8057 12
8058 13
8059 12
8060 12
8061 13
8062 12
8063 13
8064 13
8065 14
8066 13
8067 14
8068 14
8069 13
8070 14
8071 15
8072 15
8073 15
8074 14
8075 14
8076 14
8077 15
8078 14
8079 15
8080 15
8081 14
8082 14
8083 15
8084 15
8085 15
8086 14
8087 13
8088 13
8089 12
8090 11
8091 11
8092 11
8093 10
8094 11
8095 12
8096 12
8097 13
8098 14
8099 13
8100 13
8101 12
8102 13
8103 12
8104 12
8105 13
8106 14
8107 14
8108 14
8109 14
8110 13
8111 12
8112 12
8113 11
8114 12
8115 11
8116 11
8117 10
8118 10
8119 11
8120 11
8121 12
8122 11
8123 10
8124 10
8125 10
8126 9
8127 9
8128 9
8129 10
8130 11
8131 12
8132 12
8133 13
8134 13
8135 14
8136 14
8137 15
8138 14
8139 15
8140 15
8141 16
8142 17
8143 18
8144 18
8145 18
8146 19
8147 18
8148 18
8149 19
8150 19
8151 20
8152 20
8153 21
8154 21
8155 20
8156 20
8157 21
8158 22
8159 23
8160 23
8161 22
8162 23
8163 23
8164 23
8165 22
8166 21
8167 20
8168 20
8169 19
8170 20
8171 19
8172 19
8173 20
8174 19
8175 19
8176 19
8177 18
8178 19
8179 18
8180 18
8181 18
8182 19
8183 19
8184 19
8185 20
8186 21
8187 22
8188 22
8189 23
8190 23
8191 22
8192 22
8193 23
8194 22
8195 21
8196 21
8197 22
8198 23
8199 23
8200 23
8201 24
8202 23
8203 24
8204 24
8205 23
8206 22
8207 23
8208 23
8209 22
8210 21
8211 22
8212 22
8213 23
8214 23
8215 22
8216 22
8217 22
8218 21
8219 20
8220 20
8221 19
8222 20
8223 21
8224 21
8225 21
8226 21
8227 22
8228 22
8229 21
8230 20
8231 19
8232 19
8233 18
8234 17
8235 17
8236 17
8237 16
8238 15
8239 14
8240 14
8241 13
8242 12
8243 11
8244 11
8245 10
8246 11
8247 12
8248 12
8249 13
8250 13
8251 14
8252 14
8253 14
8254 15
8255 14
8256 14
8257 15
8258 16
8259 17
8260 17
8261 18
8262 18
8263 17
8264 17
8265 18
8266 19
8267 20
8268 20
8269 19
8270 18
8271 18
8272 18
8273 17
8274 18
8275 18
8276 18
8277 17
8278 18
8279 19
8280 19
8281 19
8282 18
8283 17
8284 17
8285 18
8286 17
8287 16
8288 16
8289 16
8290 15
8291 14
8292 14
8293 13
8294 14
8295 15
8296 15
8297 14
8298 14
8299 15
8300 15
8301 16
8302 15
8303 15
8304 15
8305 14
8306 15
8307 15
8308 15
8309 16
8310 17
8311 16
8312 16
8313 15
8314 16
8315 17
8316 17
8317 16
8318 17
8319 16
8320 16
8321 17
8322 18
8323 17
8324 17
8325 17
8326 16
8327 17
8328 17
8329 16
8330 16
8331 17
8332 17
8333 18
8334 18
8335 19
8336 19
8337 18
8338 17
8339 18
8340 18
8341 19
8342 18
8343 18
8344 18
8345 19
8346 20
8347 21
8348 21
8349 21
8350 21
8351 22
8352 22
8353 21
8354 22
8355 21
8356 21
8357 22
8358 23
8359 24
8360 24
8361 24
8362 23
8363 22
8364 22
8365 21
8366 20
8367 21
8368 21
8369 20
8370 20
8371 21
8372 21
8373 22
8374 21
8375 21
8376 21
8377 20
8378 19
8379 19
8380 19
8381 19
8382 20
8383 21
8384 21
8385 22
8386 21
8387 20
8388 20
8389 19
8390 18
8391 19
8392 19
8393 18
8394 17
8395 16
8396 16
8397 16
8398 17
8399 18
8400 18
8401 19
8402 20
8403 21
8404 21
8405 21
8406 21
8407 22
8408 22
8409 23
8410 23
8411 24
8412 24
8413 25
8414 24
8415 24
8416 24
8417 25
8418 26
8419 25
8420 25
8421 24
8422 25
8423 24
8424 24
8425 24
8426 23
8427 23
8428 23
8429 22
8430 23
8431 22
8432 22
8433 22
8434 23
8435 22
8436 22
8437 21
8438 22
8439 21
8440 21
8441 22
8442 22
8443 21
8444 21
8445 20
8446 19
8447 18
8448 18
8449 17
8450 17
8451 17
8452 17
8453 18
8454 17
8455 16
8456 16
8457 17
8458 18
8459 19
8460 19
8461 18
8462 19
8463 20
8464 20
8465 21
8466 22
8467 21
8468 21
8469 21
8470 21
8471 22
8472 22
8473 23
8474 22
8475 22
8476 22
8477 22
8478 22
8479 23
8480 23
8481 22
8482 23
8483 24
8484 24
8485 25
8486 26
8487 26
8488 26
8489 27
8490 28
8491 29
8492 29
8493 28
8494 27
8495 28
8496 28
8497 29
8498 28
8499 29
8500 29
8501 28
8502 29
8503 30
8504 30
8505 30
8506 31
8507 32
8508 32
8509 33
8510 34
8511 35
8512 35
8513 34
8514 34
8515 33
8516 33
8517 32
8518 33
8519 34
8520 34
8521 33
8522 34
8523 34
8524 34
8525 34
8526 34
8527 33
8528 33
8529 34
8530 33
8531 34
8532 34
8533 33
8534 32
8535 31
8536 31
8537 30
8538 29
8539 28
8540 28
8541 28
8542 29
8543 28
8544 28
8545 29
8546 30
8547 31
8548 31
8549 32
8550 32
8551 33
8552 33
8553 34
8554 35
8555 34
8556 34
8557 35
8558 34
8559 34
8560 34
8561 35
8562 34
8563 33
8564 33
8565 32
8566 33
8567 34
8568 34
8569 33
8570 32
8571 33
8572 33
8573 32
8574 31
8575 31
8576 31
8577 31
8578 32
8579 33
8580 33
8581 32
8582 31
8583 32
8584 32
8585 31
8586 31
8587 32
8588 32
8589 31
8590 30
8591 30
8592 30
8593 31
8594 32
8595 32
8596 32
8597 31
8598 30
8599 29
8600 29
8601 28
8602 29
8603 30
8604 30
8605 31
8606 30
8607 29
8608 29
8609 28
8610 27
8611 28
8612 28
8613 28
8614 27
8615 28
8616 28
8617 29
8618 28
8619 28
8620 28
8621 29
8622 29
8623 28
8624 28
8625 28
8626 27
8627 26
8628 26
8629 25
8630 24
8631 24
8632 24
8633 25
8634 24
8635 23
8636 23
8637 24
8638 23
8639 24
8640 24
8641 23
8642 22
8643 21
8644 21
8645 22
8646 23
8647 22
8648 22
8649 22
8650 22
8651 23
8652 23
8653 24
8654 25
8655 24
8656 24
8657 25
8658 25
8659 26
8660 26
8661 27
8662 26
8663 25
8664 25
8665 26
8666 25
8667 25
8668 25
8669 24
8670 24
8671 23
8672 23
8673 23
8674 24
8675 24
8676 24
8677 23
8678 24
8679 23
8680 23
8681 22
8682 21
8683 22
8684 22
8685 22
8686 21
8687 20
8688 20
8689 19
8690 20
8691 21
8692 21
8693 20
8694 20
8695 19
8696 19
8697 18
8698 19
8699 18
8700 18
8701 17
8702 16
8703 16
8704 16
8705 17
8706 16
8707 15
8708 15
8709 16
8710 17
8711 18
8712 18
8713 17
8714 18
8715 19
8716 19
8717 20
8718 19
8719 18
8720 18
8721 18
8722 18
8723 17
8724 17
8725 17
8726 18
8727 19
8728 19
8729 18
8730 18
8731 17
8732 17
8733 16
8734 15
8735 16
8736 16
8737 15
8738 14
8739 14
8740 14
8741 13
8742 14
8743 15
8744 15
8745 16
8746 17
8747 16
8748 16
8749 17
8750 17
8751 18
8752 18
8753 17
8754 16
8755 15
8756 15
8757 15
8758 14
8759 15
8760 15
8761 14
8762 13
8763 12
8764 12
8765 13
8766 13
8767 14
8768 14
8769 13
8770 12
8771 12
8772 12
8773 13
8774 12
8775 12
8776 12
8777 13
8778 12
8779 11
8780 11
8781 12
8782 13
8783 12
8784 12
8785 11
8786 10
8787 9
8788 9
8789 8
8790 9
8791 10
8792 10
8793 10
8794 11
8795 12
8796 12
8797 13
8798 12
8799 11
8800 11
8801 12
8802 12
8803 11
8804 11
8805 10
8806 11
8807 10
8808 10
8809 11
8810 10
8811 10
8812 10
8813 11
8814 12
8815 11
8816 11
8817 12
8818 13
8819 12
8820 12
8821 11
8822 10
8823 9
8824 9
8825 9
8826 8
8827 7
8828 7
8829 7
8830 6
8831 5
8832 5
8833 5
8834 4
8835 5
8836 5
8837 4
8838 4
8839 3
8840 3
8841 2
8842 3
8843 4
8844 4
8845 3
8846 4
8847 4
8848 4
8849 3
8850 3
8851 4
8852 4
8853 3
8854 2
8855 3
8856 3
8857 4
8858 3
8859 4
8860 4
8861 3
8862 4
8863 3
8864 3
8865 3
8866 4
8867 3
8868 3
8869 3
8870 2
8871 3
8872 3
8873 4
8874 4
8875 4
8876 4
8877 3
8878 2
8879 3
8880 3
8881 4
8882 5
8883 5
8884 5
8885 6
8886 5
8887 4
8888 4
8889 5
8890 6
8891 7
8892 7
8893 6
8894 7
8895 6
8896 6
8897 5
8898 4
8899 5
8900 5
8901 5
8902 6
8903 7
8904 7
8905 6
8906 5
8907 6
8908 6
8909 7
8910 7
8911 6
8912 6
8913 7
8914 8
8915 9
8916 9
8917 10
8918 10
8919 10
8920 10
8921 11
8922 10
8923 9
8924 9
8925 9
8926 10
8927 11
8928 11
8929 10
8930 11
8931 10
8932 10
8933 9
8934 8
8935 9
8936 9
8937 9
8938 8
8939 9
8940 9
8941 8
8942 7
8943 6
8944 6
8945 7
8946 7
8947 8
8948 8
8949 7
8950 7
8951 6
8952 6
8953 7
8954 7
8955 7
8956 7
8957 7
8958 6
8959 6
8960 6
8961 5
8962 6
8963 5
8964 5
8965 4
8966 5
8967 5
8968 5
8969 4
8970 3
8971 2
8972 2
8973 2
8974 1
8975 1
8976 1
8977 2
8978 2
8979 1
8980 1
8981 2
8982 2
8983 3
8984 3
8985 2
8986 3
8987 2
8988 2
8989 3
8990 4
8991 4
8992 4
8993 4
8994 3
8995 2
8996 2
8997 3
8998 2
8999 1
9000 1
9001 0
9002 -1
9003 0
9004 0
9005 1
9006 2
9007 1
9008 1
9009 1
9010 2
9011 1
9012 1
9013 0
9014 1
9015 0
9016 0
9017 1
9018 1
9019 2
9020 2
9021 1
9022 0
9023 1
9024 1
9025 1
9026 2
9027 2
9028 2
9029 1
9030 0
9031 1
9032 1
9033 2
9034 3
9035 2
9036 2
9037 3
9038 4
9039 3
9040 3
9041 2
9042 3
9043 2
9044 2
9045 2
9046 3
9047 4
9048 4
9049 3
9050 3
9051 2
9052 2
9053 3
9054 3
9055 4
9056 4
9057 5
9058 4
9059 3
9060 3
9061 2
9062 1
9063 1
9064 1
9065 1
9066 0
9067 -1
9068 -1
9069 0
9070 -1
9071 0
9072 0
9073 1
9074 0
9075 0
9076 0
9077 1
9078 2
9079 3
9080 3
9081 3
9082 2
9083 3
9084 3
9085 2
9086 3
9087 2
9088 2
9089 3
9090 3
9091 2
9092 2
9093 1
9094 2
9095 1
9096 1
9097 2
9098 3
9099 3
9100 3
9101 4
9102 5
9103 4
9104 4
9105 3
9106 2
9107 3
9108 3
9109 2
9110 1
9111 2
9112 2
9113 3
9114 3
9115 4
9116 4
9117 4
9118 3
9119 4
9120 4
9121 5
9122 6
9123 7
9124 7
9125 7
9126 7
9127 6
9128 6
9129 5
9130 6
9131 7
9132 7
9133 6
9134 7
9135 7
9136 7
9137 6
9138 5
9139 4
9140 4
9141 3
9142 2
9143 3
9144 3
9145 2
9146 1
9147 2
9148 2
9149 3
9150 3
9151 2
9152 2
9153 2
9154 1
9155 2
9156 2
9157 1
9158 0
9159 -1
9160 -1
9161 -2
9162 -2
9163 -2
9164 -2
9165 -1
9166 0
9167 1
9168 1
9169 2
9170 3
9171 3
9172 3
9173 2
9174 3
9175 3
9176 3
9177 4
9178 3
9179 4
9180 4
9181 3
9182 4
9183 5
9184 5
9185 4
9186 3
9187 2
9188 2
9189 2
9190 1
9191 0
9192 0
9193 1
9194 2
9195 1
9196 1
9197 2
9198 2
9199 1
9200 1
9201 2
9202 1
9203 0
9204 0
9205 -1
9206 0
9207 0
9208 0
9209 -1
9210 0
9211 1
9212 1
9213 0
9214 -1
9215 -2
9216 -2
9217 -1
9218 -2
9219 -3
9220 -3
9221 -4
9222 -3
9223 -2
9224 -2
9225 -2
9226 -3
9227 -4
9228 -4
9229 -3
9230 -2
9231 -3
9232 -3
9233 -2
9234 -2
9235 -1
9236 -1
9237 0
9238 -1
9239 -2
9240 -2
9241 -3
9242 -2
9243 -2
9244 -2
9245 -2
9246 -1
9247 0
9248 0
9249 1
9250 1
9251 1
9252 1
9253 2
9254 1
9255 0
9256 0
9257 -1
9258 -2
9259 -1
9260 -1
9261 -1
9262 -2
9263 -1
9264 -1
9265 -2
9266 -3
9267 -2
9268 -2
9269 -3
9270 -3
9271 -2
9272 -2
9273 -3
9274 -2
9275 -2
9276 -2
9277 -3
9278 -2
9279 -2
9280 -2
9281 -3
9282 -4
9283 -5
9284 -5
9285 -6
9286 -5
9287 -4
9288 -4
9289 -3
9290 -4
9291 -5
9292 -5
9293 -6
9294 -7
9295 -7
9296 -7
9297 -7
9298 -6
9299 -5
9300 -5
9301 -4
9302 -3
9303 -4
9304 -4
9305 -3
9306 -3
9307 -2
9308 -2
9309 -3
9310 -3
9311 -4
9312 -4
9313 -3
9314 -2
9315 -2
9316 -2
9317 -2
9318 -3
9319 -4
9320 -4
9321 -5
9322 -6
9323 -7
9324 -7
9325 -7
9326 -6
9327 -5
9328 -5
9329 -4
9330 -3
9331 -4
9332 -4
9333 -4
9334 -5
9335 -4
9336 -4
9337 -5
9338 -4
9339 -5
9340 -5
9341 -6
9342 -6
9343 -7
9344 -7
9345 -6
9346 -5
9347 -4
9348 -4
9349 -5
9350 -5
9351 -5
9352 -5
9353 -4
9354 -5
9355 -4
9356 -4
9357 -3
9358 -2
9359 -2
9360 -2
9361 -3
9362 -4
9363 -3
9364 -3
9365 -2
9366 -1
9367 -2
9368 -2
9369 -2
9370 -3
9371 -4
9372 -4
9373 -5
9374 -6
9375 -6
9376 -6
9377 -7
9378 -7
9379 -6
9380 -6
9381 -7
9382 -6
9383 -5
9384 -5
9385 -4
9386 -4
9387 -4
9388 -4
9389 -3
9390 -2
9391 -3
9392 -3
9393 -4
9394 -3
9395 -2
9396 -2
9397 -3
9398 -4
9399 -5
9400 -5
9401 -6
9402 -7
9403 -8
9404 -8
9405 -8
9406 -7
9407 -6
9408 -6
9409 -6
9410 -7
9411 -6
9412 -6
9413 -7
9414 -7
9415 -8
9416 -8
9417 -9
9418 -10
9419 -11
9420 -11
9421 -12
9422 -13
9423 -13
9424 -13
9425 -13
9426 -14
9427 -13
9428 -13
9429 -14
9430 -13
9431 -14
9432 -14
9433 -15
9434 -16
9435 -15
9436 -15
9437 -16
9438 -16
9439 -17
9440 -17
9441 -17
9442 -16
9443 -17
9444 -17
9445 -16
9446 -15
9447 -16
9448 -16
9449 -15
9450 -15
9451 -14
9452 -14
9453 -15
9454 -16
9455 -17
9456 -17
9457 -17
9458 -16
9459 -16
9460 -16
9461 -17
9462 -16
9463 -17
9464 -17
9465 -18
9466 -17
9467 -18
9468 -18
9469 -17
9470 -18
9471 -17
9472 -17
9473 -18
9474 -19
9475 -19
9476 -19
9477 -19
9478 -20
9479 -21
9480 -21
9481 -20
9482 -21
9483 -22
9484 -22
9485 -23
9486 -23
9487 -22
9488 -22
9489 -21
9490 -20
9491 -21
9492 -21
9493 -20
9494 -21
9495 -21
9496 -21
9497 -22
9498 -23
9499 -24
9500 -24
9501 -23
9502 -22
9503 -23
9504 -23
9505 -22
9506 -22
9507 -21
9508 -21
9509 -20
9510 -19
9511 -20
9512 -20
9513 -20
9514 -21
9515 -22
9516 -22
9517 -21
9518 -20
9519 -21
9520 -21
9521 -22
9522 -22
9523 -21
9524 -21
9525 -21
9526 -22
9527 -21
9528 -21
9529 -20
9530 -21
9531 -21
9532 -21
9533 -22
9534 -21
9535 -20
9536 -20
9537 -20
9538 -21
9539 -22
9540 -22
9541 -23
9542 -24
9543 -23
9544 -23
9545 -24
9546 -23
9547 -24
9548 -24
9549 -24
9550 -24
9551 -25
9552 -25
9553 -24
9554 -25
9555 -25
9556 -25
9557 -24
9558 -24
9559 -24
9560 -24
9561 -23
9562 -24
9563 -23
9564 -23
9565 -22
9566 -21
9567 -21
9568 -21
9569 -20
9570 -21
9571 -20
9572 -20
9573 -19
9574 -18
9575 -18
9576 -18
9577 -17
9578 -16
9579 -17
9580 -17
9581 -18
9582 -19
9583 -19
9584 -19
9585 -19
9586 -18
9587 -19
9588 -19
9589 -18
9590 -17
9591 -18
9592 -18
9593 -17
9594 -17
9595 -18
9596 -18
9597 -19
9598 -18
9599 -17
9600 -17
9601 -18
9602 -17
9603 -17
9604 -17
9605 -18
9606 -19
9607 -18
9608 -18
9609 -17
9610 -17
9611 -16
9612 -16
9613 -17
9614 -16
9615 -17
9616 -17
9617 -16
9618 -15
9619 -16
9620 -16
9621 -16
9622 -17
9623 -18
9624 -18
9625 -18
9626 -17
9627 -16
9628 -16
9629 -17
9630 -17
9631 -18
9632 -18
9633 -18
9634 -17
9635 -18
9636 -18
9637 -17
9638 -18
9639 -18
9640 -18
9641 -17
9642 -18
9643 -19
9644 -19
9645 -20
9646 -19
9647 -18
9648 -18
9649 -19
9650 -19
9651 -18
9652 -18
9653 -18
9654 -19
9655 -18
9656 -18
9657 -18
9658 -19
9659 -18
9660 -18
9661 -19
9662 -18
9663 -17
9664 -17
9665 -16
9666 -16
9667 -15
9668 -15
9669 -16
9670 -17
9671 -16
9672 -16
9673 -15
9674 -16
9675 -16
9676 -16
9677 -17
9678 -18
9679 -19
9680 -19
9681 -20
9682 -21
9683 -20
9684 -20
9685 -21
9686 -22
9687 -21
9688 -21
9689 -22
9690 -23
9691 -22
9692 -22
9693 -22
9694 -23
9695 -24
9696 -24
9697 -25
9698 -26
9699 -27
9700 -27
9701 -26
9702 -26
9703 -25
9704 -25
9705 -26
9706 -27
9707 -26
9708 -26
9709 -27
9710 -28
9711 -28
9712 -28
9713 -27
9714 -28
9715 -29
9716 -29
9717 -30
9718 -31
9719 -32
9720 -32
9721 -33
9722 -32
9723 -33
9724 -33
9725 -33
9726 -34
9727 -33
9728 -33
9729 -33
9730 -32
9731 -31
9732 -31
9733 -32
9734 -33
9735 -32
9736 -32
9737 -33
9738 -33
9739 -34
9740 -34
9741 -35
9742 -34
9743 -35
9744 -35
9745 -34
9746 -35
9747 -35
9748 -35
9749 -36
9750 -36
9751 -36
9752 -36
9753 -35
9754 -34
9755 -33
9756 -33
9757 -32
9758 -31
9759 -30
9760 -30
9761 -29
9762 -30
9763 -29
9764 -29
9765 -29
9766 -30
9767 -31
9768 -31
9769 -32
9770 -33
9771 -32
9772 -32
9773 -31
9774 -31
9775 -31
9776 -31
9777 -30
9778 -29
9779 -30
9780 -30
9781 -31
9782 -32
9783 -32
9784 -32
9785 -33
9786 -32
9787 -33
9788 -33
9789 -34
9790 -33
9791 -34
9792 -34
9793 -33
9794 -34
9795 -35
9796 -35
9797 -34
9798 -33
9799 -32
9800 -32
9801 -32
9802 -32
9803 -33
9804 -33
9805 -34
9806 -33
9807 -34
9808 -34
9809 -33
9810 -33
9811 -34
9812 -34
9813 -33
9814 -34
9815 -35
9816 -35
9817 -36
9818 -35
9819 -35
9820 -35
9821 -36
9822 -37
9823 -38
9824 -38
9825 -38
9826 -38
9827 -37
9828 -37
9829 -38
9830 -39
9831 -40
9832 -40
9833 -41
9834 -40
9835 -41
9836 -41
9837 -41
9838 -40
9839 -41
9840 -41
9841 -40
9842 -39
9843 -40
9844 -40
9845 -41
9846 -41
9847 -40
9848 -40
9849 -40
9850 -40
9851 -41
9852 -41
9853 -40
9854 -41
9855 -41
9856 -41
9857 -42
9858 -41
9859 -42
9860 -42
9861 -43
9862 -42
9863 -41
9864 -41
9865 -40
9866 -39
9867 -38
9868 -38
9869 -37
9870 -38
9871 -39
9872 -39
9873 -39
9874 -38
9875 -38
9876 -38
9877 -39
9878 -40
9879 -41
9880 -41
9881 -40
9882 -40
9883 -41
9884 -41
9885 -42
9886 -41
9887 -42
9888 -42
9889 -43
9890 -42
9891 -42
9892 -42
9893 -41
9894 -40
9895 -39
9896 -39
9897 -38
9898 -38
9899 -37
9900 -37
9901 -38
9902 -37
9903 -36
9904 -36
9905 -37
9906 -36
9907 -37
9908 -37
9909 -37
9910 -38
9911 -39
9912 -39
9913 -38
9914 -37
9915 -38
9916 -38
9917 -37
9918 -37
9919 -38
9920 -38
9921 -37
9922 -37
9923 -38
9924 -38
9925 -38
9926 -39
9927 -39
9928 -39
9929 -40
9930 -39
9931 -40
9932 -40
9933 -39
9934 -38
9935 -37
9936 -37
9937 -36
9938 -35
9939 -34
9940 -34
9941 -35
9942 -36
9943 -35
9944 -35
9945 -35
9946 -34
9947 -34
9948 -34
9949 -35
9950 -35
9951 -36
9952 -36
9953 -35
9954 -35
9955 -36
9956 -36
9957 -35
9958 -36
9959 -35
9960 -35
9961 -34
9962 -35
9963 -35
9964 -35
9965 -34
9966 -33
9967 -34
9968 -34
9969 -33
9970 -34
9971 -34
9972 -34
9973 -35
9974 -34
9975 -34
9976 -34
9977 -33
9978 -34
9979 -33
9980 -33
9981 -33
9982 -32
9983 -31
9984 -31
9985 -30
9986 -29
9987 -28
9988 -28
9989 -27
9990 -27
9991 -26
9992 -26
9993 -25
9994 -26
9995 -25
9996 -25
9997 -24
9998 -23
9999 -23
10000 -23







