
Filling stored sums matrix with 72 X 72 terms guaranteeing 30 digits accuracy...

Processing the barrier for X= 5000000194857.5000000...5000000194858.5000000 (N = 630783), y0 = 0.1673300000...1 , t = 0...0.1860000000

Rectangle(1) : 0, 54747.000000000000000, 10087.000000000000000, 0.000000, 2.4505559022386399451, 40344
Rectangle(2) : 3.5628544070700494002e-5, 54664.000000000000000, 10071.000000000000000, 0.000000, 2.4506234551721988401, 40280
Rectangle(3) : 7.1312421122731059641e-5, 54580.000000000000000, 10056.000000000000000, 0.000000, 2.4507033680498292592, 40220
Rectangle(4) : 0.00010705268070590858363, 54496.000000000000000, 10040.000000000000000, 0.000000, 2.4507956090651433136, 40156
Rectangle(5) : 0.00014284972285698652171, 54413.000000000000000, 10025.000000000000000, 0.000000, 2.4509001453417312952, 40096
Rectangle(6) : 0.00017870328993363605941, 54329.000000000000000, 10009.000000000000000, 0.000000, 2.4510169417952573973, 40032
Rectangle(7) : 0.00021461444128549708018, 54245.000000000000000, 9994.0000000000000000, 0.000000, 2.4511459674541397704, 39972
Rectangle(8) : 0.00025058358069842250687, 54162.000000000000000, 9979.0000000000000000, 0.000000, 2.4512871895845119489, 39912
Rectangle(9) : 0.00028661044805163161932, 54078.000000000000000, 9963.0000000000000000, 0.000000, 2.4514405725530390737, 39848
Rectangle(10) : 0.00032269611269442608424, 53994.000000000000000, 9948.0000000000000000, 0.000000, 2.4516060862026198919, 39788
Rectangle(11) : 0.00035884098223923883921, 53910.000000000000000, 9932.0000000000000000, 0.000000, 2.4517836979207665338, 39724
Rectangle(12) : 0.00039504546559892658793, 53827.000000000000000, 9917.0000000000000000, 0.000000, 2.4519733751301446554, 39664
Rectangle(13) : 0.00043130929927217875981, 53743.000000000000000, 9901.0000000000000000, 0.000000, 2.4521750814304785854, 39600
Rectangle(14) : 0.00046763356627309941153, 53659.000000000000000, 9886.0000000000000000, 0.000000, 2.4523887877185334663, 39540
Rectangle(15) : 0.00050401867944551286437, 53575.000000000000000, 9870.0000000000000000, 0.000000, 2.4526144615101401015, 39476
Rectangle(16) : 0.00054046505296880059375, 53492.000000000000000, 9855.0000000000000000, 0.000000, 2.4528520703468762251, 39416
Rectangle(17) : 0.00057697241987126967745, 53408.000000000000000, 9839.0000000000000000, 0.000000, 2.4531015770222483986, 39352
Rectangle(18) : 0.00061354187720017636556, 53324.000000000000000, 9824.0000000000000000, 0.000000, 2.4533629534509267462, 39292
Rectangle(19) : 0.00065017384317142621077, 53240.000000000000000, 9808.0000000000000000, 0.000000, 2.4536361672394335952, 39228
Rectangle(20) : 0.00068686873737201662391, 53157.000000000000000, 9793.0000000000000000, 0.000000, 2.4539211860106268233, 39168
Rectangle(21) : 0.00072362628926566424931, 53073.000000000000000, 9777.0000000000000000, 0.000000, 2.4542179717124421445, 39104
Rectangle(22) : 0.00076044761030861343523, 52989.000000000000000, 9762.0000000000000000, 0.000000, 2.4545264972415413702, 39044
Rectangle(23) : 0.00079733312423115474324, 52905.000000000000000, 9746.0000000000000000, 0.000000, 2.4548467302574894755, 38980
Rectangle(24) : 0.00083428325617062151340, 52821.000000000000000, 9731.0000000000000000, 0.000000, 2.4551786384267677115, 38920
Rectangle(25) : 0.00087129843268047115108, 52737.000000000000000, 9715.0000000000000000, 0.000000, 2.4555221894204173104, 38856
Rectangle(26) : 0.00090837908173939405739, 52653.000000000000000, 9700.0000000000000000, 0.000000, 2.4558773509116823852, 38796
Rectangle(27) : 0.00094552563276045045276, 52570.000000000000000, 9684.0000000000000000, 0.000000, 2.4562440905736519862, 38732
Rectangle(28) : 0.00098273780872723097371, 52486.000000000000000, 9669.0000000000000000, 0.000000, 2.4566223687779840589, 38672
Rectangle(29) : 0.0010200167472780442203, 52402.000000000000000, 9653.0000000000000000, 0.000000, 2.4570121600523029237, 38608
Rectangle(30) : 0.0010573628821593904079, 52318.000000000000000, 9638.0000000000000000, 0.000000, 2.4574134320569216975, 38548
Rectangle(31) : 0.0010947766485888586922, 52234.000000000000000, 9622.0000000000000000, 0.000000, 2.4578261524425583143, 38484
Rectangle(32) : 0.0011322584832644063874, 52150.000000000000000, 9607.0000000000000000, 0.000000, 2.4582502888479730710, 38424
Rectangle(33) : 0.0011698088243736676160, 52066.000000000000000, 9591.0000000000000000, 0.000000, 2.4586858088976051353, 38360
Rectangle(34) : 0.0012074281116032916535, 51982.000000000000000, 9576.0000000000000000, 0.000000, 2.4591326801992079845, 38300
Rectangle(35) : 0.0012451167861483112369, 51898.000000000000000, 9560.0000000000000000, 0.000000, 2.4595908703414837526, 38236
Rectangle(36) : 0.0012828752907215411061, 51814.000000000000000, 9545.0000000000000000, 0.000000, 2.4600603468917164592, 38176
Rectangle(37) : 0.0013207040695630070508, 51730.000000000000000, 9529.0000000000000000, 0.000000, 2.4605410773934040985, 38112
Rectangle(38) : 0.0013586035684494057382, 51646.000000000000000, 9514.0000000000000000, 0.000000, 2.4610330293638895662, 38052
Rectangle(39) : 0.0013965742347035955993, 51561.000000000000000, 9498.0000000000000000, 0.000000, 2.4615361702919904058, 37988
Rectangle(40) : 0.0014346172550153038751, 51477.000000000000000, 9483.0000000000000000, 0.000000, 2.4620504777086258232, 37928
Rectangle(41) : 0.0014727323448167419119, 51393.000000000000000, 9467.0000000000000000, 0.000000, 2.4625759093958697179, 37864
Rectangle(42) : 0.0015109199561528357324, 51309.000000000000000, 9452.0000000000000000, 0.000000, 2.4631124327408317193, 37804
Rectangle(43) : 0.0015491805426530760747, 51225.000000000000000, 9436.0000000000000000, 0.000000, 2.4636600150925999183, 37740
Rectangle(44) : 0.0015875145595411697773, 51141.000000000000000, 9421.0000000000000000, 0.000000, 2.4642186237598642355, 37680
Rectangle(45) : 0.0016259224636447239557, 51056.000000000000000, 9405.0000000000000000, 0.000000, 2.4647882260085385207, 37616
Rectangle(46) : 0.0016644054671312591038, 50972.000000000000000, 9389.0000000000000000, 0.000000, 2.4653688005264907320, 37552
Rectangle(47) : 0.0017029632792737391071, 50888.000000000000000, 9374.0000000000000000, 0.000000, 2.4659603034468296139, 37492
Rectangle(48) : 0.0017415963617970614938, 50804.000000000000000, 9358.0000000000000000, 0.000000, 2.4665627018909277331, 37428
Rectangle(49) : 0.0017803051780692236805, 50719.000000000000000, 9343.0000000000000000, 0.000000, 2.4671759629278530081, 37368
Rectangle(50) : 0.0018190909578150359601, 50635.000000000000000, 9327.0000000000000000, 0.000000, 2.4678000659711689705, 37304
Rectangle(51) : 0.0018579534060419771860, 50550.000000000000000, 9312.0000000000000000, 0.000000, 2.4684349660036371922, 37244
Rectangle(52) : 0.0018968937614525338070, 50466.000000000000000, 9296.0000000000000000, 0.000000, 2.4690806427873732800, 37180
Rectangle(53) : 0.0019359117268705850351, 50382.000000000000000, 9280.0000000000000000, 0.000000, 2.4697370507136236518, 37116
Rectangle(54) : 0.0019750077740841459031, 50297.000000000000000, 9265.0000000000000000, 0.000000, 2.4704041565501958541, 37056
Rectangle(55) : 0.0020141831554498376115, 50213.000000000000000, 9249.0000000000000000, 0.000000, 2.4710819405657597552, 36992
Rectangle(56) : 0.0020534375704532383195, 50128.000000000000000, 9234.0000000000000000, 0.000000, 2.4717703562465629540, 36932
Rectangle(57) : 0.0020927722807198869581, 50044.000000000000000, 9218.0000000000000000, 0.000000, 2.4724693841871386453, 36868
Rectangle(58) : 0.0021321869834652138434, 49959.000000000000000, 9202.0000000000000000, 0.000000, 2.4731789772569188817, 36804
Rectangle(59) : 0.0021716829497026669325, 49874.000000000000000, 9187.0000000000000000, 0.000000, 2.4738991163671954570, 36744
Rectangle(60) : 0.0022112606678798172605, 49790.000000000000000, 9171.0000000000000000, 0.000000, 2.4746297684999985804, 36680
Rectangle(61) : 0.0022509198317380216907, 49705.000000000000000, 9155.0000000000000000, 0.000000, 2.4753708855792221281, 36616
Rectangle(62) : 0.0022906617266294656526, 49620.000000000000000, 9140.0000000000000000, 0.000000, 2.4761224489734749883, 36556
Rectangle(63) : 0.0023304868465201040039, 49536.000000000000000, 9124.0000000000000000, 0.000000, 2.4768844254088791430, 36492
Rectangle(64) : 0.0023703948815937651623, 49451.000000000000000, 9108.0000000000000000, 0.000000, 2.4776567658408969711, 36428
Rectangle(65) : 0.0024103871318180457020, 49366.000000000000000, 9093.0000000000000000, 0.000000, 2.4784394520748668951, 36368
Rectangle(66) : 0.0024504640967751997533, 49281.000000000000000, 9077.0000000000000000, 0.000000, 2.4792324505592138456, 36304
Rectangle(67) : 0.0024906262779517021345, 49196.000000000000000, 9061.0000000000000000, 0.000000, 2.4800357276442655215, 36240
Rectangle(68) : 0.0025308741787494146623, 49112.000000000000000, 9046.0000000000000000, 0.000000, 2.4808492495798187379, 36180
Rectangle(69) : 0.0025712074832285606702, 49027.000000000000000, 9030.0000000000000000, 0.000000, 2.4816729656545308211, 36116
Rectangle(70) : 0.0026116275163869128194, 48942.000000000000000, 9014.0000000000000000, 0.000000, 2.4825068583547364921, 36052
Rectangle(71) : 0.0026521347874088313453, 48857.000000000000000, 8999.0000000000000000, 0.000000, 2.4833508936161028467, 35992
Rectangle(72) : 0.0026927298074390440650, 48772.000000000000000, 8983.0000000000000000, 0.000000, 2.4842050372640224999, 35928
Rectangle(73) : 0.0027334130895940514975, 48687.000000000000000, 8967.0000000000000000, 0.000000, 2.4850692550111713235, 35864
Rectangle(74) : 0.0027741851489735813787, 48601.000000000000000, 8952.0000000000000000, 0.000000, 2.4859435124550645134, 35804
Rectangle(75) : 0.0028150473434233882657, 48516.000000000000000, 8936.0000000000000000, 0.000000, 2.4868277933525892404, 35740
Rectangle(76) : 0.0028559993549938513962, 48431.000000000000000, 8920.0000000000000000, 0.000000, 2.4877220451957281067, 35676
Rectangle(77) : 0.0028970417048358065098, 48346.000000000000000, 8904.0000000000000000, 0.000000, 2.4886262332196863312, 35612
Rectangle(78) : 0.0029381749161298057306, 48261.000000000000000, 8889.0000000000000000, 0.000000, 2.4895403225347064719, 35552
Rectangle(79) : 0.0029793995140978276629, 48175.000000000000000, 8873.0000000000000000, 0.000000, 2.4904642781236165049, 35488
Rectangle(80) : 0.0030207168836489146687, 48090.000000000000000, 8857.0000000000000000, 0.000000, 2.4913980843026594161, 35424
Rectangle(81) : 0.0030621267003322721113, 48005.000000000000000, 8841.0000000000000000, 0.000000, 2.4923416867346464505, 35360
Rectangle(82) : 0.0031036294955980703917, 47919.000000000000000, 8826.0000000000000000, 0.000000, 2.4932950500032284419, 35300
Rectangle(83) : 0.0031452266710400292899, 47834.000000000000000, 8810.0000000000000000, 0.000000, 2.4942581587315333547, 35236
Rectangle(84) : 0.0031869178981741082579, 47748.000000000000000, 8794.0000000000000000, 0.000000, 2.4952309574527134273, 35172
Rectangle(85) : 0.0032287045899193690736, 47663.000000000000000, 8778.0000000000000000, 0.000000, 2.4962134309822257221, 35108
Rectangle(86) : 0.0032705864150454044830, 47577.000000000000000, 8762.0000000000000000, 0.000000, 2.4972055230861705184, 35044
Rectangle(87) : 0.0033125647979423120333, 47492.000000000000000, 8747.0000000000000000, 0.000000, 2.4982072187628570916, 34984
Rectangle(88) : 0.0033546394045868596854, 47406.000000000000000, 8731.0000000000000000, 0.000000, 2.4992184610009797231, 34920
Rectangle(89) : 0.0033968116709877578781, 47320.000000000000000, 8715.0000000000000000, 0.000000, 2.5002392349721915252, 34856
Rectangle(90) : 0.0034390821535526816212, 47235.000000000000000, 8699.0000000000000000, 0.000000, 2.5012695047239730131, 34792
Rectangle(91) : 0.0034814505139787210626, 47149.000000000000000, 8683.0000000000000000, 0.000000, 2.5023092120579009196, 34728
Rectangle(92) : 0.0035239182060200772084, 47063.000000000000000, 8668.0000000000000000, 0.000000, 2.5033583423870546013, 34668
Rectangle(93) : 0.0035664857929224645318, 46977.000000000000000, 8652.0000000000000000, 0.000000, 2.5044168592736319713, 34604
Rectangle(94) : 0.0036091538402493187790, 46891.000000000000000, 8636.0000000000000000, 0.000000, 2.5054847261122924833, 34540
Rectangle(95) : 0.0036519229158952272152, 46805.000000000000000, 8620.0000000000000000, 0.000000, 2.5065619061276453432, 34476
Rectangle(96) : 0.0036947935900994285899, 46719.000000000000000, 8604.0000000000000000, 0.000000, 2.5076483623717363998, 34412
Rectangle(97) : 0.0037377664354593835633, 46633.000000000000000, 8588.0000000000000000, 0.000000, 2.5087440577215337913, 34348
Rectangle(98) : 0.0037808420269444163467, 46547.000000000000000, 8572.0000000000000000, 0.000000, 2.5098489548764124292, 34284
Rectangle(99) : 0.0038240209419094283224, 46461.000000000000000, 8556.0000000000000000, 0.000000, 2.5109630163556374021, 34220
Rectangle(100) : 0.0038673037601086844168, 46375.000000000000000, 8540.0000000000000000, 0.000000, 2.5120862044958463844, 34156
Rectangle(101) : 0.0039106910637096730180, 46289.000000000000000, 8525.0000000000000000, 0.000000, 2.5132184814485311370, 34096
Rectangle(102) : 0.0039541834373070402357, 46202.000000000000000, 8509.0000000000000000, 0.000000, 2.5143598091775181900, 34032
Rectangle(103) : 0.0039977824115760657798, 46116.000000000000000, 8493.0000000000000000, 0.000000, 2.5155101744214071159, 33968
Rectangle(104) : 0.0040414876369733553781, 46030.000000000000000, 8477.0000000000000000, 0.000000, 2.5166695141833088555, 33904
Rectangle(105) : 0.0040852997054978678451, 45943.000000000000000, 8461.0000000000000000, 0.000000, 2.5178377898464204076, 33840
Rectangle(106) : 0.0041292201675888592999, 45857.000000000000000, 8445.0000000000000000, 0.000000, 2.5190149882836453303, 33776
Rectangle(107) : 0.0041732486689797842477, 45770.000000000000000, 8429.0000000000000000, 0.000000, 2.5202010451769070461, 33712
Rectangle(108) : 0.0042173867735281108163, 45684.000000000000000, 8413.0000000000000000, 0.000000, 2.5213959474758028606, 33648
Rectangle(109) : 0.0042616341237486651211, 45597.000000000000000, 8397.0000000000000000, 0.000000, 2.5225996299671969560, 33584
Rectangle(110) : 0.0043059922970926833012, 45510.000000000000000, 8381.0000000000000000, 0.000000, 2.5238120796674356195, 33520
Rectangle(111) : 0.0043504619099177203396, 45424.000000000000000, 8365.0000000000000000, 0.000000, 2.5250332573522474598, 33456
Rectangle(112) : 0.0043950425998030727406, 45337.000000000000000, 8349.0000000000000000, 0.000000, 2.5262630964444505362, 33392
Rectangle(113) : 0.0044397359649671649949, 45250.000000000000000, 8333.0000000000000000, 0.000000, 2.5275015840410655471, 33328
Rectangle(114) : 0.0044845426298078515263, 45163.000000000000000, 8317.0000000000000000, 0.000000, 2.5287486802630921531, 33264
Rectangle(115) : 0.0045294632214484221738, 45076.000000000000000, 8301.0000000000000000, 0.000000, 2.5300043450072676510, 33200
Rectangle(116) : 0.0045744983697536681507, 44989.000000000000000, 8285.0000000000000000, 0.000000, 2.5312685379434866042, 33136
Rectangle(117) : 0.0046196487073460459898, 44902.000000000000000, 8269.0000000000000000, 0.000000, 2.5325412185122201956, 33072
Rectangle(118) : 0.0046649148696219406091, 44815.000000000000000, 8252.0000000000000000, 0.000000, 2.5338223459219354246, 33004
Rectangle(119) : 0.0047102974947680286471, 44728.000000000000000, 8236.0000000000000000, 0.000000, 2.5351118791465142722, 32940
Rectangle(120) : 0.0047557972237777432391, 44641.000000000000000, 8220.0000000000000000, 0.000000, 2.5364097769226729614, 32876
Rectangle(121) : 0.0048014147004678414216, 44554.000000000000000, 8204.0000000000000000, 0.000000, 2.5377159977473814417, 32812
Rectangle(122) : 0.0048471505714950753723, 44466.000000000000000, 8188.0000000000000000, 0.000000, 2.5390304998752832298, 32748
Rectangle(123) : 0.0048930065176084042805, 44379.000000000000000, 8172.0000000000000000, 0.000000, 2.5403532711168790884, 32684
Rectangle(124) : 0.0049389821653498333142, 44291.000000000000000, 8156.0000000000000000, 0.000000, 2.5416842398008844558, 32620
Rectangle(125) : 0.0049850792107947517955, 44204.000000000000000, 8140.0000000000000000, 0.000000, 2.5430233937233413387, 32556
Rectangle(126) : 0.0050312972768911082641, 44116.000000000000000, 8123.0000000000000000, 0.000000, 2.5443706602190157042, 32488
Rectangle(127) : 0.0050776380752458778648, 44029.000000000000000, 8107.0000000000000000, 0.000000, 2.5457260270590856245, 32424
Rectangle(128) : 0.0051241012251484213163, 43941.000000000000000, 8091.0000000000000000, 0.000000, 2.5470894205739077194, 32360
Rectangle(129) : 0.0051706884539455335286, 43854.000000000000000, 8075.0000000000000000, 0.000000, 2.5484608284993494242, 32296
Rectangle(130) : 0.0052173993772022341585, 43766.000000000000000, 8059.0000000000000000, 0.000000, 2.5498401761509504424, 32232
Rectangle(131) : 0.0052642357382165135179, 43678.000000000000000, 8043.0000000000000000, 0.000000, 2.5512274512187800088, 32168
Rectangle(132) : 0.0053111982239351540236, 43590.000000000000000, 8026.0000000000000000, 0.000000, 2.5526226099811876484, 32100
Rectangle(133) : 0.0053582875244623664037, 43502.000000000000000, 8010.0000000000000000, 0.000000, 2.5540256084413780772, 32036
Rectangle(134) : 0.0054055043330790134102, 43414.000000000000000, 7994.0000000000000000, 0.000000, 2.5554364023247704997, 31972
Rectangle(135) : 0.0054528493462619675379, 43326.000000000000000, 7978.0000000000000000, 0.000000, 2.5568549470763590025, 31908
Rectangle(136) : 0.0055003232637036044072, 43238.000000000000000, 7961.0000000000000000, 0.000000, 2.5582811978580742055, 31840
Rectangle(137) : 0.0055479267883314334975, 43150.000000000000000, 7945.0000000000000000, 0.000000, 2.5597151095461463365, 31776
Rectangle(138) : 0.0055956606263278679433, 43062.000000000000000, 7929.0000000000000000, 0.000000, 2.5611566367284698957, 31712
Rectangle(139) : 0.0056435254871501351370, 42973.000000000000000, 7912.0000000000000000, 0.000000, 2.5626057337019700814, 31644
Rectangle(140) : 0.0056915232004515562638, 42885.000000000000000, 7896.0000000000000000, 0.000000, 2.5640623884065984966, 31580
Rectangle(141) : 0.0057396533715698166928, 42797.000000000000000, 7880.0000000000000000, 0.000000, 2.5655265209592469902, 31516
Rectangle(142) : 0.0057879167199577702174, 42708.000000000000000, 7863.0000000000000000, 0.000000, 2.5669980847648931501, 31448
Rectangle(143) : 0.0058363151016371954574, 42620.000000000000000, 7847.0000000000000000, 0.000000, 2.5684770675942591969, 31384
Rectangle(144) : 0.0058848481158932784981, 42531.000000000000000, 7831.0000000000000000, 0.000000, 2.5699633879214119031, 31320
Rectangle(145) : 0.0059335176366645138771, 42442.000000000000000, 7814.0000000000000000, 0.000000, 2.5714570333900105754, 31252
Rectangle(146) : 0.0059823244090454104082, 42354.000000000000000, 7798.0000000000000000, 0.000000, 2.5729579567630910863, 31188
Rectangle(147) : 0.0060312680261007792302, 42265.000000000000000, 7782.0000000000000000, 0.000000, 2.5744660748437861565, 31124
Rectangle(148) : 0.0060803503891634501437, 42176.000000000000000, 7765.0000000000000000, 0.000000, 2.5759813750636364925, 31056
Rectangle(149) : 0.0061295722540881380347, 42087.000000000000000, 7749.0000000000000000, 0.000000, 2.5775038092298250928, 30992
Rectangle(150) : 0.0061789343803796253133, 41998.000000000000000, 7732.0000000000000000, 0.000000, 2.5790333288244157470, 30924
Rectangle(151) : 0.0062284375312159607518, 41909.000000000000000, 7716.0000000000000000, 0.000000, 2.5805698850016614864, 30860
Rectangle(152) : 0.0062780824734718404313, 41820.000000000000000, 7700.0000000000000000, 0.000000, 2.5821134285853159173, 30796
Rectangle(153) : 0.0063278699777421731887, 41731.000000000000000, 7683.0000000000000000, 0.000000, 2.5836639100659476402, 30728
Rectangle(154) : 0.0063778008183658330013, 41642.000000000000000, 7667.0000000000000000, 0.000000, 2.5852212795982579610, 30664
Rectangle(155) : 0.0064278757734496007829, 41552.000000000000000, 7650.0000000000000000, 0.000000, 2.5867854869984021030, 30596
Rectangle(156) : 0.0064780968334948068405, 41463.000000000000000, 7634.0000000000000000, 0.000000, 2.5883565195757237236, 30532
Rectangle(157) : 0.0065284635826344186323, 41374.000000000000000, 7617.0000000000000000, 0.000000, 2.5899342889493849952, 30464
Rectangle(158) : 0.0065789768104816024916, 41284.000000000000000, 7601.0000000000000000, 0.000000, 2.5915187439001638850, 30400
Rectangle(159) : 0.0066296385376374053180, 41194.000000000000000, 7584.0000000000000000, 0.000000, 2.5931098714233426810, 30332
Rectangle(160) : 0.0066804495749589410436, 41105.000000000000000, 7567.0000000000000000, 0.000000, 2.5947076201596339441, 30264
Rectangle(161) : 0.0067314094975999733741, 41015.000000000000000, 7551.0000000000000000, 0.000000, 2.5963118993378299612, 30200
Rectangle(162) : 0.0067825203570254964744, 40925.000000000000000, 7534.0000000000000000, 0.000000, 2.5979226956112534096, 30132
Rectangle(163) : 0.0068337829763440365700, 40836.000000000000000, 7518.0000000000000000, 0.000000, 2.5995399565349887269, 30068
Rectangle(164) : 0.0068851969237564909907, 40746.000000000000000, 7501.0000000000000000, 0.000000, 2.6011635895158558099, 30000
Rectangle(165) : 0.0069367642822583281235, 40656.000000000000000, 7485.0000000000000000, 0.000000, 2.6027935808389806305, 29936
Rectangle(166) : 0.0069884858874540921098, 40566.000000000000000, 7468.0000000000000000, 0.000000, 2.6044298769493243741, 29868
Rectangle(167) : 0.0070403625791897654416, 40476.000000000000000, 7451.0000000000000000, 0.000000, 2.6060724239150600138, 29800
Rectangle(168) : 0.0070923952015811840603, 40385.000000000000000, 7435.0000000000000000, 0.000000, 2.6077211674248456826, 29736
Rectangle(169) : 0.0071445858953393825420, 40295.000000000000000, 7418.0000000000000000, 0.000000, 2.6093760937766213808, 29668
Rectangle(170) : 0.0071969342287250785683, 40205.000000000000000, 7401.0000000000000000, 0.000000, 2.6110371071999467959, 29600
Rectangle(171) : 0.0072494410589004285695, 40115.000000000000000, 7385.0000000000000000, 0.000000, 2.6127041522245013512, 29536
Rectangle(172) : 0.0073021072474140644002, 40024.000000000000000, 7368.0000000000000000, 0.000000, 2.6143771729895591359, 29468
Rectangle(173) : 0.0073549349800991923019, 39934.000000000000000, 7351.0000000000000000, 0.000000, 2.6160561551992462321, 29400
Rectangle(174) : 0.0074079238155576799623, 39843.000000000000000, 7335.0000000000000000, 0.000000, 2.6177410005370786912, 29336
Rectangle(175) : 0.0074610759627488322022, 39752.000000000000000, 7318.0000000000000000, 0.000000, 2.6194316943909809843, 29268
Rectangle(176) : 0.0075143923165018755958, 39662.000000000000000, 7301.0000000000000000, 0.000000, 2.6211281798357806416, 29200
Rectangle(177) : 0.0075678724279394173396, 39571.000000000000000, 7284.0000000000000000, 0.000000, 2.6228303566120264115, 29132
Rectangle(178) : 0.0076215185414218167334, 39480.000000000000000, 7268.0000000000000000, 0.000000, 2.6245382096092395114, 29068
Rectangle(179) : 0.0076753315659813212803, 39389.000000000000000, 7251.0000000000000000, 0.000000, 2.6262516806658299183, 29000
Rectangle(180) : 0.0077293124154739671946, 39298.000000000000000, 7234.0000000000000000, 0.000000, 2.6279707112010793864, 28932
Rectangle(181) : 0.0077834620086135946409, 39207.000000000000000, 7217.0000000000000000, 0.000000, 2.6296952422123716983, 28864
Rectangle(182) : 0.0078377812690061870784, 39116.000000000000000, 7200.0000000000000000, 0.000000, 2.6314252142724299149, 28796
Rectangle(183) : 0.0078922711251845394129, 39024.000000000000000, 7184.0000000000000000, 0.000000, 2.6331605675265608976, 28732
Rectangle(184) : 0.0079469339113552692432, 38933.000000000000000, 7167.0000000000000000, 0.000000, 2.6349012862925486980, 28664
Rectangle(185) : 0.0080017691741475675171, 38842.000000000000000, 7150.0000000000000000, 0.000000, 2.6366472655175986819, 28596
Rectangle(186) : 0.0080567778571586791664, 38750.000000000000000, 7133.0000000000000000, 0.000000, 2.6383984440436034354, 28528
Rectangle(187) : 0.0081119623331339979647, 38659.000000000000000, 7116.0000000000000000, 0.000000, 2.6401548055922411753, 28460
Rectangle(188) : 0.0081673221408267018933, 38567.000000000000000, 7099.0000000000000000, 0.000000, 2.6419162430676468230, 28392
Rectangle(189) : 0.0082228596792161967159, 38476.000000000000000, 7082.0000000000000000, 0.000000, 2.6436827397771568692, 28324
Rectangle(190) : 0.0082785744816846746468, 38384.000000000000000, 7065.0000000000000000, 0.000000, 2.6454541872489447574, 28256
Rectangle(191) : 0.0083344689738493511984, 38292.000000000000000, 7048.0000000000000000, 0.000000, 2.6472305683630166859, 28188
Rectangle(192) : 0.0083905441479944211004, 38200.000000000000000, 7031.0000000000000000, 0.000000, 2.6490118197667317699, 28120
Rectangle(193) : 0.0084468010019150161729, 38108.000000000000000, 7014.0000000000000000, 0.000000, 2.6507978776444802792, 28052
Rectangle(194) : 0.0085032405389582742888, 38016.000000000000000, 6997.0000000000000000, 0.000000, 2.6525886777148764893, 27984
Rectangle(195) : 0.0085598637680648314355, 37924.000000000000000, 6980.0000000000000000, 0.000000, 2.6543841552279605187, 27916
Rectangle(196) : 0.0086166717038107432728, 37832.000000000000000, 6963.0000000000000000, 0.000000, 2.6561842449624094579, 27848
Rectangle(197) : 0.0086736653664498426981, 37740.000000000000000, 6946.0000000000000000, 0.000000, 2.6579888812227580995, 27780
Rectangle(198) : 0.0087308457819565400510, 37647.000000000000000, 6929.0000000000000000, 0.000000, 2.6597979978366295792, 27712
Rectangle(199) : 0.0087882155059142692082, 37555.000000000000000, 6912.0000000000000000, 0.000000, 2.6616115763028795713, 27644
Rectangle(200) : 0.0088457740620666558297, 37462.000000000000000, 6895.0000000000000000, 0.000000, 2.6634295015649024342, 27576
Rectangle(201) : 0.0089035240354147125921, 37370.000000000000000, 6878.0000000000000000, 0.000000, 2.6652517546153710230, 27508
Rectangle(202) : 0.0089614649440209574683, 37277.000000000000000, 6861.0000000000000000, 0.000000, 2.6670782189462788234, 27440
Rectangle(203) : 0.0090195994027742444502, 37184.000000000000000, 6844.0000000000000000, 0.000000, 2.6689088750303317001, 27372
Rectangle(204) : 0.0090779284925717469163, 37092.000000000000000, 6827.0000000000000000, 0.000000, 2.6707436542137111572, 27304
Rectangle(205) : 0.0091364517227619149083, 36999.000000000000000, 6810.0000000000000000, 0.000000, 2.6725824377911922440, 27236
Rectangle(206) : 0.0091951717540544144959, 36906.000000000000000, 6792.0000000000000000, 0.000000, 2.6744252054280678737, 27164
Rectangle(207) : 0.0092540896862450628424, 36813.000000000000000, 6775.0000000000000000, 0.000000, 2.6762718869508306142, 27096
Rectangle(208) : 0.0093132066255586431160, 36720.000000000000000, 6758.0000000000000000, 0.000000, 2.6781224116718992747, 27028
Rectangle(209) : 0.0093725236847000347085, 36626.000000000000000, 6741.0000000000000000, 0.000000, 2.6799767083868026178, 26960
Rectangle(210) : 0.0094320436079345348619, 36533.000000000000000, 6724.0000000000000000, 0.000000, 2.6818347560641212631, 26892
Rectangle(211) : 0.0094917659071178518975, 36440.000000000000000, 6707.0000000000000000, 0.000000, 2.6836964319602869796, 26824
Rectangle(212) : 0.0095516917148006259639, 36346.000000000000000, 6689.0000000000000000, 0.000000, 2.6855616632974092070, 26752
Rectangle(213) : 0.0096118238246145644773, 36253.000000000000000, 6672.0000000000000000, 0.000000, 2.6874304281435387780, 26684
Rectangle(214) : 0.0096721617394945341013, 36159.000000000000000, 6655.0000000000000000, 0.000000, 2.6893026014730410989, 26616
Rectangle(215) : 0.0097327082867296081105, 36066.000000000000000, 6637.0000000000000000, 0.000000, 2.6911781607342026502, 26544
Rectangle(216) : 0.0097934629631765166296, 35972.000000000000000, 6620.0000000000000000, 0.000000, 2.6930569793671582603, 26476
Rectangle(217) : 0.0098544286303445128005, 35878.000000000000000, 6603.0000000000000000, 0.000000, 2.6949390341856428856, 26408
Rectangle(218) : 0.0099156064840204602581, 35784.000000000000000, 6586.0000000000000000, 0.000000, 2.6968242495835694482, 26340
Rectangle(219) : 0.0099769977273019148034, 35690.000000000000000, 6568.0000000000000000, 0.000000, 2.6987125493991503901, 26268
Rectangle(220) : 0.010038603570658573542, 35596.000000000000000, 6551.0000000000000000, 0.000000, 2.7006038569120302959, 26200
Rectangle(221) : 0.010100425231994454829, 35502.000000000000000, 6534.0000000000000000, 0.000000, 2.7024980948404318179, 26132
Rectangle(222) : 0.010162463936710821001, 35408.000000000000000, 6516.0000000000000000, 0.000000, 2.7043951853383152461, 26060
Rectangle(223) : 0.010224720917769856113, 35314.000000000000000, 6499.0000000000000000, 0.000000, 2.7062950499925520714, 25992
Rectangle(224) : 0.010287197415759111141, 35219.000000000000000, 6481.0000000000000000, 0.000000, 2.7081976098201128914, 25920
Rectangle(225) : 0.010349896459168069740, 35125.000000000000000, 6464.0000000000000000, 0.000000, 2.7101028393012541049, 25852
Rectangle(226) : 0.010412817536443550284, 35030.000000000000000, 6446.0000000000000000, 0.000000, 2.7120106044102839444, 25780
Rectangle(227) : 0.010475963714131540120, 34936.000000000000000, 6429.0000000000000000, 0.000000, 2.7139208788994264528, 25712
Rectangle(228) : 0.010539334474347346922, 34841.000000000000000, 6412.0000000000000000, 0.000000, 2.7158335271357149055, 25644
Rectangle(229) : 0.010602932922357901008, 34746.000000000000000, 6394.0000000000000000, 0.000000, 2.7177485221274265341, 25572
Rectangle(230) : 0.010666760370758506158, 34652.000000000000000, 6377.0000000000000000, 0.000000, 2.7196657817377772626, 25504
Rectangle(231) : 0.010730816291967607429, 34557.000000000000000, 6359.0000000000000000, 0.000000, 2.7215851679050823587, 25432
Rectangle(232) : 0.010795103850722854770, 34462.000000000000000, 6342.0000000000000000, 0.000000, 2.7235066524896508894, 25364
Rectangle(233) : 0.010859624385006693517, 34367.000000000000000, 6324.0000000000000000, 0.000000, 2.7254301515469109512, 25292
Rectangle(234) : 0.010924379241454649723, 34272.000000000000000, 6306.0000000000000000, 0.000000, 2.7273555805215559275, 25220
Rectangle(235) : 0.010989369775433453293, 34176.000000000000000, 6289.0000000000000000, 0.000000, 2.7292828542446793566, 25152
Rectangle(236) : 0.011054599259698571486, 34081.000000000000000, 6271.0000000000000000, 0.000000, 2.7312119432970763829, 25080
Rectangle(237) : 0.011120067172708667327, 33986.000000000000000, 6254.0000000000000000, 0.000000, 2.7331427050031930447, 25012
Rectangle(238) : 0.011185774896624491286, 33890.000000000000000, 6236.0000000000000000, 0.000000, 2.7350750523286429733, 24940
Rectangle(239) : 0.011251725768631828051, 33795.000000000000000, 6218.0000000000000000, 0.000000, 2.7370089545931166675, 24868
Rectangle(240) : 0.011317919257449496838, 33699.000000000000000, 6201.0000000000000000, 0.000000, 2.7389442666109580742, 24800
Rectangle(241) : 0.011384358744277324313, 33603.000000000000000, 6183.0000000000000000, 0.000000, 2.7408809568381356581, 24728
Rectangle(242) : 0.011451045675707200683, 33507.000000000000000, 6165.0000000000000000, 0.000000, 2.7428189359868056943, 24656
Rectangle(243) : 0.011517981508100038170, 33412.000000000000000, 6148.0000000000000000, 0.000000, 2.7441284706944102387, 24588
Rectangle(244) : 0.011585146852009244750, 33316.000000000000000, 6130.0000000000000000, 0.000000, 2.7430842653480582792, 24516
Rectangle(245) : 0.011652474390289592279, 33220.000000000000000, 6112.0000000000000000, 0.000000, 2.7420382828166049479, 24444
Rectangle(246) : 0.011719965006870465396, 33124.000000000000000, 6095.0000000000000000, 0.000000, 2.7409905138617647699, 24376
Rectangle(247) : 0.011787619593087762968, 33028.000000000000000, 6077.0000000000000000, 0.000000, 2.7399409491723747072, 24304
Rectangle(248) : 0.011855439047767803379, 32932.000000000000000, 6059.0000000000000000, 0.000000, 2.7388895793636002099, 24232
Rectangle(249) : 0.011923424277312428674, 32837.000000000000000, 6042.0000000000000000, 0.000000, 2.7378363949761302668, 24164
Rectangle(250) : 0.011991574120324157220, 32741.000000000000000, 6024.0000000000000000, 0.000000, 2.7367814185924636915, 24092
Rectangle(251) : 0.012059891563853446603, 32645.000000000000000, 6006.0000000000000000, 0.000000, 2.7357246085966104550, 24020
Rectangle(252) : 0.012128377537466453510, 32550.000000000000000, 5989.0000000000000000, 0.000000, 2.7346659553017751027, 23952
Rectangle(253) : 0.012197030869426569488, 32454.000000000000000, 5971.0000000000000000, 0.000000, 2.7336054815124224490, 23880
Rectangle(254) : 0.012265854603989718020, 32359.000000000000000, 5954.0000000000000000, 0.000000, 2.7325431449308514190, 23812
Rectangle(255) : 0.012334847562515347719, 32264.000000000000000, 5936.0000000000000000, 0.000000, 2.7314789685108271277, 23740
Rectangle(256) : 0.012404010684524733633, 32168.000000000000000, 5918.0000000000000000, 0.000000, 2.7304129425206637024, 23668
Rectangle(257) : 0.012473347072939327754, 32073.000000000000000, 5901.0000000000000000, 0.000000, 2.7293450239654397741, 23600
Rectangle(258) : 0.012542855538750615746, 31978.000000000000000, 5883.0000000000000000, 0.000000, 2.7282752360248548810, 23528
Rectangle(259) : 0.012612537045912566302, 31882.000000000000000, 5866.0000000000000000, 0.000000, 2.7272035687290725482, 23460
Rectangle(260) : 0.012682394757747742030, 31787.000000000000000, 5848.0000000000000000, 0.000000, 2.7261299783669347457, 23388
Rectangle(261) : 0.012752427474844886609, 31692.000000000000000, 5831.0000000000000000, 0.000000, 2.7250544883471393290, 23320
Rectangle(262) : 0.012822636186454981880, 31597.000000000000000, 5813.0000000000000000, 0.000000, 2.7239770884536014549, 23248
Rectangle(263) : 0.012893021890428574356, 31502.000000000000000, 5795.0000000000000000, 0.000000, 2.7228977683866186278, 23176
Rectangle(264) : 0.012963585593316855057, 31407.000000000000000, 5778.0000000000000000, 0.000000, 2.7218165177619256752, 23108
Rectangle(265) : 0.013034328310474237986, 31312.000000000000000, 5760.0000000000000000, 0.000000, 2.7207333261097361373, 23036
Rectangle(266) : 0.013105251066162464102, 31217.000000000000000, 5743.0000000000000000, 0.000000, 2.7196481828737698349, 22968
Rectangle(267) : 0.013176354893656258183, 31122.000000000000000, 5725.0000000000000000, 0.000000, 2.7185610774102663707, 22896
Rectangle(268) : 0.013247640835350566595, 31028.000000000000000, 5708.0000000000000000, 0.000000, 2.7174719989869843192, 22828
Rectangle(269) : 0.013319107639494790661, 30933.000000000000000, 5691.0000000000000000, 0.000000, 2.7163809719328482191, 22760
Rectangle(270) : 0.013390758658533773243, 30838.000000000000000, 5673.0000000000000000, 0.000000, 2.7152879503136843446, 22688
Rectangle(271) : 0.013462594962778979947, 30744.000000000000000, 5656.0000000000000000, 0.000000, 2.7141929231267232960, 22620
Rectangle(272) : 0.013534615289448467434, 30649.000000000000000, 5638.0000000000000000, 0.000000, 2.7130959149463508253, 22548
Rectangle(273) : 0.013606823058541956645, 30554.000000000000000, 5621.0000000000000000, 0.000000, 2.7119968790458086880, 22480
Rectangle(274) : 0.013679219369304731034, 30460.000000000000000, 5603.0000000000000000, 0.000000, 2.7108958041423259380, 22408
Rectangle(275) : 0.013751802947904282115, 30365.000000000000000, 5586.0000000000000000, 0.000000, 2.7097927150590887207, 22340
Rectangle(276) : 0.013824577283983949124, 30271.000000000000000, 5568.0000000000000000, 0.000000, 2.7086875642541648349, 22268
Rectangle(277) : 0.013897541096354011720, 30177.000000000000000, 5551.0000000000000000, 0.000000, 2.7075803767180481442, 22200
Rectangle(278) : 0.013970695497941911383, 30082.000000000000000, 5534.0000000000000000, 0.000000, 2.7064711410984342447, 22132
Rectangle(279) : 0.014044044049936407569, 29988.000000000000000, 5516.0000000000000000, 0.000000, 2.7053598090183316707, 22060
Rectangle(280) : 0.014117585460134431167, 29894.000000000000000, 5499.0000000000000000, 0.000000, 2.7042464057213451890, 21992
Rectangle(281) : 0.014191320872114137636, 29800.000000000000000, 5482.0000000000000000, 0.000000, 2.7031309195608375590, 21924
Rectangle(282) : 0.014265251439884635541, 29706.000000000000000, 5464.0000000000000000, 0.000000, 2.7020133387901211136, 21852
Rectangle(283) : 0.014339378328014647024, 29612.000000000000000, 5447.0000000000000000, 0.000000, 2.7008936515612713426, 21784
Rectangle(284) : 0.014413702711763170303, 29518.000000000000000, 5430.0000000000000000, 0.000000, 2.6997718459239225771, 21716
Rectangle(285) : 0.014488225777212181841, 29424.000000000000000, 5412.0000000000000000, 0.000000, 2.6986479098240454463, 21644
Rectangle(286) : 0.014562948721401416664, 29330.000000000000000, 5395.0000000000000000, 0.000000, 2.6975218311027057730, 21576
Rectangle(287) : 0.014637872752465266162, 29236.000000000000000, 5378.0000000000000000, 0.000000, 2.6963935974948045622, 21508
Rectangle(288) : 0.014712999089771833564, 29142.000000000000000, 5360.0000000000000000, 0.000000, 2.6952631966277987366, 21436
Rectangle(289) : 0.014788328964064188198, 29049.000000000000000, 5343.0000000000000000, 0.000000, 2.6941306160204022588, 21368
Rectangle(290) : 0.014863861017354160392, 28955.000000000000000, 5326.0000000000000000, 0.000000, 2.6929958821300972991, 21300
Rectangle(291) : 0.014939599089608696648, 28861.000000000000000, 5308.0000000000000000, 0.000000, 2.6918589433573419326, 21228
Rectangle(292) : 0.015015544446434771349, 28768.000000000000000, 5291.0000000000000000, 0.000000, 2.6907197868879537537, 21160
Rectangle(293) : 0.015091695718225926582, 28674.000000000000000, 5274.0000000000000000, 0.000000, 2.6895784394535933999, 21092
Rectangle(294) : 0.015168056827225493904, 28581.000000000000000, 5257.0000000000000000, 0.000000, 2.6884348485066682016, 21024
Rectangle(295) : 0.015244626396117648420, 28487.000000000000000, 5239.0000000000000000, 0.000000, 2.6872890409631540055, 20952
Rectangle(296) : 0.015321408403382827414, 28394.000000000000000, 5222.0000000000000000, 0.000000, 2.6861409636289440327, 20884
Rectangle(297) : 0.015398401464016374784, 28301.000000000000000, 5205.0000000000000000, 0.000000, 2.6849906436059239849, 20816
Rectangle(298) : 0.015475606885860335209, 28207.000000000000000, 5188.0000000000000000, 0.000000, 2.6838380677512721939, 20748
Rectangle(299) : 0.015553028733903419273, 28114.000000000000000, 5171.0000000000000000, 0.000000, 2.6826831818786765274, 20680
Rectangle(300) : 0.015630665611682414668, 28021.000000000000000, 5153.0000000000000000, 0.000000, 2.6815260133711441741, 20608
Rectangle(301) : 0.015708518865077052410, 27928.000000000000000, 5136.0000000000000000, 0.000000, 2.6803665487258861129, 20540
Rectangle(302) : 0.015786589852928881618, 27835.000000000000000, 5119.0000000000000000, 0.000000, 2.6792047743175987336, 20472
Rectangle(303) : 0.015864879947210095871, 27742.000000000000000, 5102.0000000000000000, 0.000000, 2.6780406763969299113, 20404
Rectangle(304) : 0.015943390533195134077, 27649.000000000000000, 5085.0000000000000000, 0.000000, 2.6768742410889206419, 20336
Rectangle(305) : 0.016022123009635110953, 27556.000000000000000, 5068.0000000000000000, 0.000000, 2.6757054543914217644, 20268
Rectangle(306) : 0.016101078788935133516, 27463.000000000000000, 5051.0000000000000000, 0.000000, 2.6745343021734852873, 20200
Rectangle(307) : 0.016180259297334561302, 27370.000000000000000, 5033.0000000000000000, 0.000000, 2.6733607701737298227, 20128
Rectangle(308) : 0.016259665975090269370, 27277.000000000000000, 5016.0000000000000000, 0.000000, 2.6721848439986796227, 20060
Rectangle(309) : 0.016339300276662974566, 27185.000000000000000, 4999.0000000000000000, 0.000000, 2.6710065091210766991, 19992
Rectangle(310) : 0.016419160733132390667, 27092.000000000000000, 4982.0000000000000000, 0.000000, 2.6698257942945617832, 19924
Rectangle(311) : 0.016499251748719817279, 27000.000000000000000, 4965.0000000000000000, 0.000000, 2.6686426414823936251, 19856
Rectangle(312) : 0.016579571846552498525, 26907.000000000000000, 4948.0000000000000000, 0.000000, 2.6674570796404714553, 19788
Rectangle(313) : 0.016660125497261996850, 26815.000000000000000, 4931.0000000000000000, 0.000000, 2.6662690499804899045, 19720
Rectangle(314) : 0.016740911216075365857, 26722.000000000000000, 4914.0000000000000000, 0.000000, 2.6650785816622816640, 19652
Rectangle(315) : 0.016821933541562315998, 26630.000000000000000, 4897.0000000000000000, 0.000000, 2.6638856151300351520, 19584
Rectangle(316) : 0.016903190981109069101, 26537.000000000000000, 4880.0000000000000000, 0.000000, 2.6626901797491812070, 19516
Rectangle(317) : 0.016984688142798377659, 26445.000000000000000, 4863.0000000000000000, 0.000000, 2.6614922151799969311, 19448
Rectangle(318) : 0.017066423526242506868, 26353.000000000000000, 4846.0000000000000000, 0.000000, 2.6602917509951636197, 19380
Rectangle(319) : 0.017148398699884792894, 26261.000000000000000, 4829.0000000000000000, 0.000000, 2.6590887716854467261, 19312
Rectangle(320) : 0.017230615248062145116, 26169.000000000000000, 4812.0000000000000000, 0.000000, 2.6578832615935139766, 19244
Rectangle(321) : 0.017313074771222889278, 26077.000000000000000, 4795.0000000000000000, 0.000000, 2.6566752049119843695, 19176
Rectangle(322) : 0.017395778886148378574, 25985.000000000000000, 4778.0000000000000000, 0.000000, 2.6554645856814444628, 19108
Rectangle(323) : 0.017478729226178451480, 25893.000000000000000, 4761.0000000000000000, 0.000000, 2.6542513877884312802, 19040
Rectangle(324) : 0.017561927441440817034, 25801.000000000000000, 4744.0000000000000000, 0.000000, 2.6530355949633811559, 18972
Rectangle(325) : 0.017645375199084450271, 25709.000000000000000, 4727.0000000000000000, 0.000000, 2.6518171907785438160, 18904
Rectangle(326) : 0.017729074183517082572, 25617.000000000000000, 4710.0000000000000000, 0.000000, 2.6505961586458609828, 18836
Rectangle(327) : 0.017813026096646873765, 25525.000000000000000, 4693.0000000000000000, 0.000000, 2.6493724818148087668, 18768
Rectangle(328) : 0.017897232658128355009, 25434.000000000000000, 4676.0000000000000000, 0.000000, 2.6481461433702030943, 18700
Rectangle(329) : 0.017981692284745096501, 25342.000000000000000, 4660.0000000000000000, 0.000000, 2.6469171745310299205, 18636
Rectangle(330) : 0.018066410032931152452, 25251.000000000000000, 4643.0000000000000000, 0.000000, 2.6456855099573248438, 18568
Rectangle(331) : 0.018151384311571892417, 25159.000000000000000, 4626.0000000000000000, 0.000000, 2.6444511810916389009, 18500
Rectangle(332) : 0.018236620258195034787, 25068.000000000000000, 4609.0000000000000000, 0.000000, 2.6432141216929619226, 18432
Rectangle(333) : 0.018322116273900035662, 24976.000000000000000, 4592.0000000000000000, 0.000000, 2.6419743634290911579, 18364
Rectangle(334) : 0.018407877579290374033, 24885.000000000000000, 4575.0000000000000000, 0.000000, 2.6407318391376655265, 18296
Rectangle(335) : 0.018493902567803038912, 24794.000000000000000, 4558.0000000000000000, 0.000000, 2.6394865807133817371, 18228
Rectangle(336) : 0.018580193064726221204, 24702.000000000000000, 4542.0000000000000000, 0.000000, 2.6382385703667750034, 18164
Rectangle(337) : 0.018666754418882434264, 24611.000000000000000, 4525.0000000000000000, 0.000000, 2.6369877395171418223, 18096
Rectangle(338) : 0.018753585012499806245, 24520.000000000000000, 4508.0000000000000000, 0.000000, 2.6357341204016276720, 18028
Rectangle(339) : 0.018840686730297588776, 24429.000000000000000, 4491.0000000000000000, 0.000000, 2.6344776946850243596, 17960
Rectangle(340) : 0.018928061477306677333, 24338.000000000000000, 4474.0000000000000000, 0.000000, 2.6332184438458553005, 17892
Rectangle(341) : 0.019015711179165739512, 24247.000000000000000, 4458.0000000000000000, 0.000000, 2.6319563491737656835, 17828
Rectangle(342) : 0.019103637782422792577, 24156.000000000000000, 4441.0000000000000000, 0.000000, 2.6306913917668660836, 17760
Rectangle(343) : 0.019191843254842351531, 24065.000000000000000, 4424.0000000000000000, 0.000000, 2.6294235525290285114, 17692
Rectangle(344) : 0.019280329585718272101, 23975.000000000000000, 4407.0000000000000000, 0.000000, 2.6281528121671338646, 17624
Rectangle(345) : 0.019369095083618882481, 23884.000000000000000, 4391.0000000000000000, 0.000000, 2.6268792042889899952, 17560
Rectangle(346) : 0.019458145460619761312, 23793.000000000000000, 4374.0000000000000000, 0.000000, 2.6256026563440133448, 17492
Rectangle(347) : 0.019547482772280502426, 23703.000000000000000, 4357.0000000000000000, 0.000000, 2.6243231484335930212, 17424
Rectangle(348) : 0.019637105315774304604, 23612.000000000000000, 4341.0000000000000000, 0.000000, 2.6230407145327417150, 17360
Rectangle(349) : 0.019727018949288311961, 23522.000000000000000, 4324.0000000000000000, 0.000000, 2.6217552804943887634, 17292
Rectangle(350) : 0.019817221962658535104, 23431.000000000000000, 4307.0000000000000000, 0.000000, 2.6204668805396852333, 17224
Rectangle(351) : 0.019907720314437788454, 23341.000000000000000, 4291.0000000000000000, 0.000000, 2.6191754394278583922, 17160
Rectangle(352) : 0.019998512287336458536, 23250.000000000000000, 4274.0000000000000000, 0.000000, 2.6178809916277373509, 17092
Rectangle(353) : 0.020089603942890339712, 23160.000000000000000, 4257.0000000000000000, 0.000000, 2.6165834607785494624, 17024
Rectangle(354) : 0.020180993556913593143, 23070.000000000000000, 4241.0000000000000000, 0.000000, 2.6152828815982821494, 16960
Rectangle(355) : 0.020272683322045725009, 22980.000000000000000, 4224.0000000000000000, 0.000000, 2.6139792330637620595, 16892
Rectangle(356) : 0.020364675455773477928, 22890.000000000000000, 4208.0000000000000000, 0.000000, 2.6126724939272069371, 16828
Rectangle(357) : 0.020456972200811800642, 22800.000000000000000, 4191.0000000000000000, 0.000000, 2.6113626427129164155, 16760
Rectangle(358) : 0.020549575825492191713, 22710.000000000000000, 4174.0000000000000000, 0.000000, 2.6100496577139007263, 16692
Rectangle(359) : 0.020642488624158589808, 22620.000000000000000, 4158.0000000000000000, 0.000000, 2.6087335169884459090, 16628
Rectangle(360) : 0.020735712917570987947, 22530.000000000000000, 4141.0000000000000000, 0.000000, 2.6074141983566140654, 16560
Rectangle(361) : 0.020829251053316953951, 22440.000000000000000, 4125.0000000000000000, 0.000000, 2.6060916793966771653, 16496
Rectangle(362) : 0.020923105406231244377, 22351.000000000000000, 4108.0000000000000000, 0.000000, 2.6047659374414828697, 16428
Rectangle(363) : 0.021017274165456401321, 22261.000000000000000, 4092.0000000000000000, 0.000000, 2.6034370090065438737, 16364
Rectangle(364) : 0.021111763946194308148, 22171.000000000000000, 4075.0000000000000000, 0.000000, 2.6021048117839267374, 16296
Rectangle(365) : 0.021206577207291413680, 22082.000000000000000, 4059.0000000000000000, 0.000000, 2.6007693223508533182, 16232
Rectangle(366) : 0.021301712128147805914, 21992.000000000000000, 4042.0000000000000000, 0.000000, 2.5994305776238227425, 16164
Rectangle(367) : 0.021397175504722188542, 21903.000000000000000, 4026.0000000000000000, 0.000000, 2.5980884933579427042, 16100
Rectangle(368) : 0.021492965510354199805, 21814.000000000000000, 4009.0000000000000000, 0.000000, 2.5967431067378912783, 16032
Rectangle(369) : 0.021589084658916494262, 21724.000000000000000, 3993.0000000000000000, 0.000000, 2.5953943939902168251, 15968
Rectangle(370) : 0.021685539933911440718, 21635.000000000000000, 3976.0000000000000000, 0.000000, 2.5940422688675741386, 15900
Rectangle(371) : 0.021782329500302361640, 21546.000000000000000, 3960.0000000000000000, 0.000000, 2.5926867689579058092, 15836
Rectangle(372) : 0.021879455963170546259, 21457.000000000000000, 3943.0000000000000000, 0.000000, 2.5913278696748259612, 15768
Rectangle(373) : 0.021976921958867746519, 21368.000000000000000, 3927.0000000000000000, 0.000000, 2.5899655461536477439, 15704
Rectangle(374) : 0.022074730155524132130, 21279.000000000000000, 3911.0000000000000000, 0.000000, 2.5885997732470398136, 15640
Rectangle(375) : 0.022172883253566664195, 21190.000000000000000, 3894.0000000000000000, 0.000000, 2.5872305255205964711, 15572
Rectangle(376) : 0.022271383986248145860, 21101.000000000000000, 3878.0000000000000000, 0.000000, 2.5858577772483193677, 15508
Rectangle(377) : 0.022370235120187216016, 21012.000000000000000, 3862.0000000000000000, 0.000000, 2.5844815024080086318, 15444
Rectangle(378) : 0.022469439455919559849, 20923.000000000000000, 3845.0000000000000000, 0.000000, 2.5831016746765612064, 15376
Rectangle(379) : 0.022568999828460618073, 20835.000000000000000, 3829.0000000000000000, 0.000000, 2.5817182674251741264, 15312
Rectangle(380) : 0.022668914312138332214, 20746.000000000000000, 3812.0000000000000000, 0.000000, 2.5803313202526227760, 15244
Rectangle(381) : 0.022769190573598499127, 20658.000000000000000, 3796.0000000000000000, 0.000000, 2.5789407397152142731, 15180
Rectangle(382) : 0.022869826682598170647, 20569.000000000000000, 3780.0000000000000000, 0.000000, 2.5775465656990287724, 15116
Rectangle(383) : 0.022970830453598172046, 20481.000000000000000, 3764.0000000000000000, 0.000000, 2.5761487032066084311, 15052
Rectangle(384) : 0.023072199952314377721, 20392.000000000000000, 3747.0000000000000000, 0.000000, 2.5747471924120423953, 14984
Rectangle(385) : 0.023173943145351453162, 20304.000000000000000, 3731.0000000000000000, 0.000000, 2.5733419367221512342, 14920
Rectangle(386) : 0.023276058094953607971, 20216.000000000000000, 3715.0000000000000000, 0.000000, 2.5719329765995670782, 14856
Rectangle(387) : 0.023378547854381762259, 20128.000000000000000, 3699.0000000000000000, 0.000000, 2.5705202836596634507, 14792
Rectangle(388) : 0.023481415515533375109, 20039.000000000000000, 3682.0000000000000000, 0.000000, 2.5691038291790677322, 14724
Rectangle(389) : 0.023584669361991734694, 19951.000000000000000, 3666.0000000000000000, 0.000000, 2.5676835132524044791, 14660
Rectangle(390) : 0.023688307450972357444, 19863.000000000000000, 3650.0000000000000000, 0.000000, 2.5662593769176399237, 14596
Rectangle(391) : 0.023792332994793413675, 19775.000000000000000, 3634.0000000000000000, 0.000000, 2.5648313903967742785, 14532
Rectangle(392) : 0.023896749247152289745, 19688.000000000000000, 3617.0000000000000000, 0.000000, 2.5633995235499808155, 14464
Rectangle(393) : 0.024001554180286685357, 19600.000000000000000, 3601.0000000000000000, 0.000000, 2.5619638187581529886, 14400
Rectangle(394) : 0.024106756415937611530, 19512.000000000000000, 3585.0000000000000000, 0.000000, 2.5605241726520932872, 14336
Rectangle(395) : 0.024212359335815230087, 19424.000000000000000, 3569.0000000000000000, 0.000000, 2.5590805539743912540, 14272
Rectangle(396) : 0.024318366365982774942, 19337.000000000000000, 3553.0000000000000000, 0.000000, 2.5576329310808553602, 14208
Rectangle(397) : 0.024424775474483620748, 19249.000000000000000, 3537.0000000000000000, 0.000000, 2.5561813469659066599, 14144
Rectangle(398) : 0.024531595639009877004, 19162.000000000000000, 3521.0000000000000000, 0.000000, 2.5547256945815240251, 14080
Rectangle(399) : 0.024638824826703307962, 19074.000000000000000, 3505.0000000000000000, 0.000000, 2.5532660172272730971, 14016
Rectangle(400) : 0.024746472200994346711, 18987.000000000000000, 3488.0000000000000000, 0.000000, 2.5518022059428573175, 13948
Rectangle(401) : 0.024854535728984174347, 18900.000000000000000, 3472.0000000000000000, 0.000000, 2.5503343043324779370, 13884
Rectangle(402) : 0.024963019025509702280, 18813.000000000000000, 3456.0000000000000000, 0.000000, 2.5488622793154521196, 13820
Rectangle(403) : 0.025071925753799472764, 18726.000000000000000, 3440.0000000000000000, 0.000000, 2.5473860973933944570, 13756
Rectangle(404) : 0.025181259626350652645, 18638.000000000000000, 3424.0000000000000000, 0.000000, 2.5459057246429454061, 13692
Rectangle(405) : 0.025291030295126430379, 18551.000000000000000, 3408.0000000000000000, 0.000000, 2.5444210470971980539, 13628
Rectangle(406) : 0.025401235731334569997, 18465.000000000000000, 3392.0000000000000000, 0.000000, 2.5429321091134343407, 13564
Rectangle(407) : 0.025511873809271934435, 18378.000000000000000, 3376.0000000000000000, 0.000000, 2.5414389562665429372, 13500
Rectangle(408) : 0.025622954392374913156, 18291.000000000000000, 3360.0000000000000000, 0.000000, 2.5399414724974428335, 13436
Rectangle(409) : 0.025734481453361050756, 18204.000000000000000, 3344.0000000000000000, 0.000000, 2.5384396216430338446, 13372
Rectangle(410) : 0.025846459019920215436, 18118.000000000000000, 3328.0000000000000000, 0.000000, 2.5369333670680673261, 13308
Rectangle(411) : 0.025958884970194421603, 18031.000000000000000, 3312.0000000000000000, 0.000000, 2.5354227549913186802, 13244
Rectangle(412) : 0.026071769599720865986, 17944.000000000000000, 3296.0000000000000000, 0.000000, 2.5339076649682860276, 13180
Rectangle(413) : 0.026185117106685215408, 17858.000000000000000, 3280.0000000000000000, 0.000000, 2.5323880589018438098, 13116
Rectangle(414) : 0.026298925375186830584, 17772.000000000000000, 3265.0000000000000000, 0.000000, 2.5308639834886806756, 13056
Rectangle(415) : 0.026413198613060377775, 17685.000000000000000, 3249.0000000000000000, 0.000000, 2.5293354007896102659, 12992
Rectangle(416) : 0.026527947575502538378, 17599.000000000000000, 3233.0000000000000000, 0.000000, 2.5278021857197524273, 12928
Rectangle(417) : 0.026643170155519570734, 17513.000000000000000, 3217.0000000000000000, 0.000000, 2.5262643854453830192, 12864
Rectangle(418) : 0.026758870742823024341, 17427.000000000000000, 3201.0000000000000000, 0.000000, 2.5247219604813056632, 12800
Rectangle(419) : 0.026875053789846683356, 17341.000000000000000, 3185.0000000000000000, 0.000000, 2.5231748708100808889, 12736
Rectangle(420) : 0.026991723812960118619, 17255.000000000000000, 3169.0000000000000000, 0.000000, 2.5216230758721351696, 12672
Rectangle(421) : 0.027108885393711908545, 17169.000000000000000, 3154.0000000000000000, 0.000000, 2.5200665345556356492, 12612
Rectangle(422) : 0.027226543180103406923, 17083.000000000000000, 3138.0000000000000000, 0.000000, 2.5185052051861238025, 12548
Rectangle(423) : 0.027344701887893966180, 16997.000000000000000, 3122.0000000000000000, 0.000000, 2.5169390455159010418, 12484
Rectangle(424) : 0.027463366301938556464, 16912.000000000000000, 3106.0000000000000000, 0.000000, 2.5153680127131590423, 12420
Rectangle(425) : 0.027582534230788672301, 16826.000000000000000, 3090.0000000000000000, 0.000000, 2.5137921564815760467, 12356
Rectangle(426) : 0.027702217587289419718, 16740.000000000000000, 3075.0000000000000000, 0.000000, 2.5122113402446615470, 12296
Rectangle(427) : 0.027822421371055528532, 16655.000000000000000, 3059.0000000000000000, 0.000000, 2.5106255193583513479, 12232
Rectangle(428) : 0.027943143407642640592, 16570.000000000000000, 3043.0000000000000000, 0.000000, 2.5090347440109580215, 12168
Rectangle(429) : 0.028064388715066355620, 16484.000000000000000, 3028.0000000000000000, 0.000000, 2.5074389696901970377, 12108
Rectangle(430) : 0.028186169773649842458, 16399.000000000000000, 3012.0000000000000000, 0.000000, 2.5058380542013828057, 12044
Rectangle(431) : 0.028308484430287526634, 16314.000000000000000, 2996.0000000000000000, 0.000000, 2.5042320482026673534, 11980
Rectangle(432) : 0.028431337933303504773, 16229.000000000000000, 2980.0000000000000000, 0.000000, 2.5026209052556362459, 11916
Rectangle(433) : 0.028554735610625313649, 16144.000000000000000, 2965.0000000000000000, 0.000000, 2.5010045782573367288, 11856
Rectangle(434) : 0.028678682871419251752, 16059.000000000000000, 2949.0000000000000000, 0.000000, 2.4993830194271667319, 11792
Rectangle(435) : 0.028803185207768163062, 15974.000000000000000, 2934.0000000000000000, 0.000000, 2.4977561802934340296, 11732
Rectangle(436) : 0.028928248196393018078, 15889.000000000000000, 2918.0000000000000000, 0.000000, 2.4961240116795754527, 11668
Rectangle(437) : 0.029053877500419676487, 15804.000000000000000, 2902.0000000000000000, 0.000000, 2.4944864636900256795, 11604
Rectangle(438) : 0.029180078871192267329, 15720.000000000000000, 2887.0000000000000000, 0.000000, 2.4928434856957247545, 11544
Rectangle(439) : 0.029306850085295048802, 15635.000000000000000, 2871.0000000000000000, 0.000000, 2.4911951311180461285, 11480
Rectangle(440) : 0.029434205066498633460, 15551.000000000000000, 2856.0000000000000000, 0.000000, 2.4895412437228296624, 11420
Rectangle(441) : 0.029562141613583890335, 15466.000000000000000, 2840.0000000000000000, 0.000000, 2.4878818772448562101, 11356
Rectangle(442) : 0.029690673999284450028, 15382.000000000000000, 2825.0000000000000000, 0.000000, 2.4862168720609747101, 11296
Rectangle(443) : 0.029819800047396592449, 15297.000000000000000, 2809.0000000000000000, 0.000000, 2.4845462822102656851, 11232
Rectangle(444) : 0.029949534392837545948, 15213.000000000000000, 2794.0000000000000000, 0.000000, 2.4828699445621231118, 11172
Rectangle(445) : 0.030079874887451502637, 15129.000000000000000, 2778.0000000000000000, 0.000000, 2.4811879134496860782, 11108
Rectangle(446) : 0.030210827885894868761, 15045.000000000000000, 2763.0000000000000000, 0.000000, 2.4795001336060539316, 11048
Rectangle(447) : 0.030342399845589521731, 14961.000000000000000, 2747.0000000000000000, 0.000000, 2.4778065489209971973, 10984
Rectangle(448) : 0.030474597328974388865, 14877.000000000000000, 2732.0000000000000000, 0.000000, 2.4761071024232141820, 10924
Rectangle(449) : 0.030607427005819398893, 14793.000000000000000, 2716.0000000000000000, 0.000000, 2.4744017362621113825, 10860
Rectangle(450) : 0.030740895655603899087, 14710.000000000000000, 2701.0000000000000000, 0.000000, 2.4726903916890921309, 10800
Rectangle(451) : 0.030875001052727562727, 14626.000000000000000, 2685.0000000000000000, 0.000000, 2.4709731257113196467, 10736
Rectangle(452) : 0.031009759231704133193, 14542.000000000000000, 2670.0000000000000000, 0.000000, 2.4692497618842621470, 10676
Rectangle(453) : 0.031145177314628370722, 14459.000000000000000, 2655.0000000000000000, 0.000000, 2.4675202386605021852, 10616
Rectangle(454) : 0.031281253131673844281, 14375.000000000000000, 2639.0000000000000000, 0.000000, 2.4657846134811976241, 10552
Rectangle(455) : 0.031418003365655144985, 14292.000000000000000, 2624.0000000000000000, 0.000000, 2.4640427037270434248, 10492
Rectangle(456) : 0.031555425889005763753, 14209.000000000000000, 2609.0000000000000000, 0.000000, 2.4622945671081693216, 10432
Rectangle(457) : 0.031693528117671269370, 14126.000000000000000, 2593.0000000000000000, 0.000000, 2.4605401401047681010, 10368
Rectangle(458) : 0.031832317593821967948, 14042.000000000000000, 2578.0000000000000000, 0.000000, 2.4587793581769098192, 10308
Rectangle(459) : 0.031971811922135378418, 13959.000000000000000, 2563.0000000000000000, 0.000000, 2.4570120299761907033, 10248
Rectangle(460) : 0.032112009073075717317, 13876.000000000000000, 2547.0000000000000000, 0.000000, 2.4552382136933877048, 10184
Rectangle(461) : 0.032252916987005768319, 13794.000000000000000, 2532.0000000000000000, 0.000000, 2.4534578415755166556, 10124
Rectangle(462) : 0.032394533475448244516, 13711.000000000000000, 2517.0000000000000000, 0.000000, 2.4516709742144923273, 10064
Rectangle(463) : 0.032536876920435079344, 13628.000000000000000, 2502.0000000000000000, 0.000000, 2.4498774131161279589, 10004
Rectangle(464) : 0.032679955685706295073, 13545.000000000000000, 2487.0000000000000000, 0.000000, 2.4480770871221960502, 9944
Rectangle(465) : 0.032823778283500477137, 13463.000000000000000, 2471.0000000000000000, 0.000000, 2.4462699238819871945, 9880
Rectangle(466) : 0.032968342639430209529, 13380.000000000000000, 2456.0000000000000000, 0.000000, 2.4444559844752761524, 9820
Rectangle(467) : 0.033113668198808032859, 13298.000000000000000, 2441.0000000000000000, 0.000000, 2.4426350604728955531, 9760
Rectangle(468) : 0.033259752952941954919, 13216.000000000000000, 2426.0000000000000000, 0.000000, 2.4408072131607386741, 9700
Rectangle(469) : 0.033406605798974093136, 13134.000000000000000, 2411.0000000000000000, 0.000000, 2.4389723676092751328, 9640
Rectangle(470) : 0.033554235794985154132, 13051.000000000000000, 2396.0000000000000000, 0.000000, 2.4371304476100612690, 9580
Rectangle(471) : 0.033702663535971290158, 12969.000000000000000, 2381.0000000000000000, 0.000000, 2.4352812340671965559, 9520
Rectangle(472) : 0.033851887164166771425, 12887.000000000000000, 2365.0000000000000000, 0.000000, 2.4334247885904471148, 9456
Rectangle(473) : 0.034001916246854010280, 12806.000000000000000, 2350.0000000000000000, 0.000000, 2.4315610309317778110, 9396
Rectangle(474) : 0.034152748749659865177, 12724.000000000000000, 2335.0000000000000000, 0.000000, 2.4296900254461581722, 9336
Rectangle(475) : 0.034304406249301971289, 12642.000000000000000, 2320.0000000000000000, 0.000000, 2.4278115442035180611, 9276
Rectangle(476) : 0.034456898856816883333, 12560.000000000000000, 2305.0000000000000000, 0.000000, 2.4259255026568433552, 9216
Rectangle(477) : 0.034610236874544339014, 12479.000000000000000, 2290.0000000000000000, 0.000000, 2.4240318147492402345, 9156
Rectangle(478) : 0.034764418444762244314, 12398.000000000000000, 2275.0000000000000000, 0.000000, 2.4221305451326556161, 9096
Rectangle(479) : 0.034919453978326743073, 12316.000000000000000, 2260.0000000000000000, 0.000000, 2.4202216074873313122, 9036
Rectangle(480) : 0.035075366742819056430, 12235.000000000000000, 2245.0000000000000000, 0.000000, 2.4183047584327210027, 8976
Rectangle(481) : 0.035232155035294146010, 12154.000000000000000, 2230.0000000000000000, 0.000000, 2.4163800627376627579, 8916
Rectangle(482) : 0.035389829880015033187, 12073.000000000000000, 2216.0000000000000000, 0.000000, 2.4144474292873851720, 8860
Rectangle(483) : 0.035548402515589238867, 11992.000000000000000, 2201.0000000000000000, 0.000000, 2.4125067652953827250, 8800
Rectangle(484) : 0.035707884400620541629, 11911.000000000000000, 2186.0000000000000000, 0.000000, 2.4105579762611010144, 8740
Rectangle(485) : 0.035868287219549355416, 11830.000000000000000, 2171.0000000000000000, 0.000000, 2.4086009659262541899, 8680
Rectangle(486) : 0.036029622888689359997, 11749.000000000000000, 2156.0000000000000000, 0.000000, 2.4066356362297206682, 8620
Rectangle(487) : 0.036191903562468381247, 11668.000000000000000, 2141.0000000000000000, 0.000000, 2.4046618872609606888, 8560
Rectangle(488) : 0.036355141639881902047, 11588.000000000000000, 2126.0000000000000000, 0.000000, 2.4026796172118966254, 8500
Rectangle(489) : 0.036519335600635431269, 11507.000000000000000, 2112.0000000000000000, 0.000000, 2.4006888939974354120, 8444
Rectangle(490) : 0.036684512353394398455, 11427.000000000000000, 2097.0000000000000000, 0.000000, 2.3986894417047146112, 8384
Rectangle(491) : 0.036850670526292334450, 11347.000000000000000, 2082.0000000000000000, 0.000000, 2.3966813281644615337, 8324
Rectangle(492) : 0.037017823194677322687, 11267.000000000000000, 2067.0000000000000000, 0.000000, 2.3946644470732588071, 8264
Rectangle(493) : 0.037185983702982395804, 11187.000000000000000, 2053.0000000000000000, 0.000000, 2.3926386900633545831, 8208
Rectangle(494) : 0.037355165672238081384, 11107.000000000000000, 2038.0000000000000000, 0.000000, 2.3906039466473433548, 8148
Rectangle(495) : 0.037525383007850518888, 11027.000000000000000, 2023.0000000000000000, 0.000000, 2.3885601041609528978, 8088
Rectangle(496) : 0.037696649907656536200, 10947.000000000000000, 2009.0000000000000000, 0.000000, 2.3865070477038582243, 8032
Rectangle(497) : 0.037868980870267649585, 10867.000000000000000, 1994.0000000000000000, 0.000000, 2.3844446600784395318, 7972
Rectangle(498) : 0.038042390703715559728, 10787.000000000000000, 1979.0000000000000000, 0.000000, 2.3823728217263969944, 7912
Rectangle(499) : 0.038216894534412361156, 10708.000000000000000, 1965.0000000000000000, 0.000000, 2.3802914106631308753, 7856
Rectangle(500) : 0.038392491416244928477, 10629.000000000000000, 1950.0000000000000000, 0.000000, 2.3782004975290549536, 7796
Rectangle(501) : 0.038569196703433662596, 10549.000000000000000, 1935.0000000000000000, 0.000000, 2.3760999594756753416, 7736
Rectangle(502) : 0.038747042940942021241, 10470.000000000000000, 1921.0000000000000000, 0.000000, 2.3739894712637425639, 7680
Rectangle(503) : 0.038926029518904174303, 10391.000000000000000, 1906.0000000000000000, 0.000000, 2.3718691029373456254, 7620
Rectangle(504) : 0.039106172825894583852, 10312.000000000000000, 1892.0000000000000000, 0.000000, 2.3697387238465917243, 7564
Rectangle(505) : 0.039287489614475517883, 10233.000000000000000, 1877.0000000000000000, 0.000000, 2.3675982006033167437, 7504
Rectangle(506) : 0.039469997012169577958, 10154.000000000000000, 1863.0000000000000000, 0.000000, 2.3654473970018618796, 7448
Rectangle(507) : 0.039653712532851266147, 10075.000000000000000, 1848.0000000000000000, 0.000000, 2.3632861739369203850, 7388
Rectangle(508) : 0.039838654088577015069, 9997.0000000000000000, 1834.0000000000000000, 0.000000, 2.3611143893183221511, 7332
Rectangle(509) : 0.040024821377695582854, 9918.0000000000000000, 1819.0000000000000000, 0.000000, 2.3589321161015121222, 7272
Rectangle(510) : 0.040212251516443466714, 9840.0000000000000000, 1805.0000000000000000, 0.000000, 2.3567389900180972030, 7216
Rectangle(511) : 0.040400944503233923747, 9761.0000000000000000, 1791.0000000000000000, 0.000000, 2.3545350833186079789, 7160
Rectangle(512) : 0.040590938877101212752, 9683.0000000000000000, 1776.0000000000000000, 0.000000, 2.3523200195845857061, 7100
Rectangle(513) : 0.040782234965047570875, 9605.0000000000000000, 1762.0000000000000000, 0.000000, 2.3500938702180806814, 7044
Rectangle(514) : 0.040974852754763144085, 9527.0000000000000000, 1747.0000000000000000, 0.000000, 2.3478564787529131902, 6984
Rectangle(515) : 0.041168812708447715639, 9449.0000000000000000, 1733.0000000000000000, 0.000000, 2.3456076852176971748, 6928
Rectangle(516) : 0.041364135778107753439, 9371.0000000000000000, 1719.0000000000000000, 0.000000, 2.3433473260274021093, 6872
Rectangle(517) : 0.041560843421478514522, 9293.0000000000000000, 1704.0000000000000000, 0.000000, 2.3410752338706244428, 6812
Rectangle(518) : 0.041758957618602223168, 9216.0000000000000000, 1690.0000000000000000, 0.000000, 2.3387912375923612645, 6756
Rectangle(519) : 0.041958479237264588756, 9138.0000000000000000, 1676.0000000000000000, 0.000000, 2.3364954109732006115, 6700
Rectangle(520) : 0.042159452689986541110, 9061.0000000000000000, 1662.0000000000000000, 0.000000, 2.3341873285688945050, 6644
Rectangle(521) : 0.042361879279608977321, 8983.0000000000000000, 1648.0000000000000000, 0.000000, 2.3318670628528797981, 6588
Rectangle(522) : 0.042565805257884929653, 8906.0000000000000000, 1633.0000000000000000, 0.000000, 2.3295341730342581034, 6528
Rectangle(523) : 0.042771232405092908331, 8829.0000000000000000, 1619.0000000000000000, 0.000000, 2.3271887300613105912, 6472
Rectangle(524) : 0.042978185483591187931, 8752.0000000000000000, 1605.0000000000000000, 0.000000, 2.3248305437753765599, 6416
Rectangle(525) : 0.043186689887587460390, 8675.0000000000000000, 1591.0000000000000000, 0.000000, 2.3224594194391069304, 6360
Rectangle(526) : 0.043396771665044417961, 8599.0000000000000000, 1577.0000000000000000, 0.000000, 2.3200751575841504593, 6304
Rectangle(527) : 0.043608432923049319747, 8522.0000000000000000, 1563.0000000000000000, 0.000000, 2.3176778323924891941, 6248
Rectangle(528) : 0.043821725323001501065, 8445.0000000000000000, 1549.0000000000000000, 0.000000, 2.3152669590742805703, 6192
Rectangle(529) : 0.044036677005544340683, 8369.0000000000000000, 1535.0000000000000000, 0.000000, 2.3128423230632395130, 6136
Rectangle(530) : 0.044253290976516169995, 8293.0000000000000000, 1521.0000000000000000, 0.000000, 2.3104039954711619431, 6080
Rectangle(531) : 0.044471596052540667999, 8216.0000000000000000, 1507.0000000000000000, 0.000000, 2.3079517584815129329, 6024
Rectangle(532) : 0.044691648603475613584, 8140.0000000000000000, 1493.0000000000000000, 0.000000, 2.3054850888904470733, 5968
Rectangle(533) : 0.044913452668449869982, 8064.0000000000000000, 1479.0000000000000000, 0.000000, 2.3030040540257974187, 5912
Rectangle(534) : 0.045137039480705053193, 7988.0000000000000000, 1465.0000000000000000, 0.000000, 2.3005084188573983628, 5856
Rectangle(535) : 0.045362441135544487140, 7913.0000000000000000, 1451.0000000000000000, 0.000000, 2.2979979422337680764, 5800
Rectangle(536) : 0.045589661904182648150, 7837.0000000000000000, 1437.0000000000000000, 0.000000, 2.2954726954805075287, 5744
Rectangle(537) : 0.045818763945203511686, 7762.0000000000000000, 1423.0000000000000000, 0.000000, 2.2929321096071949632, 5688
Rectangle(538) : 0.046049752364374755561, 7686.0000000000000000, 1409.0000000000000000, 0.000000, 2.2903762527904009295, 5632
Rectangle(539) : 0.046282692287974859768, 7611.0000000000000000, 1395.0000000000000000, 0.000000, 2.2878045323383246326, 5576
Rectangle(540) : 0.046517589743281432443, 7536.0000000000000000, 1382.0000000000000000, 0.000000, 2.2852170128223806115, 5524
Rectangle(541) : 0.046754481597424529658, 7461.0000000000000000, 1368.0000000000000000, 0.000000, 2.2826134214224556321, 5468
Rectangle(542) : 0.046993405792763285271, 7386.0000000000000000, 1354.0000000000000000, 0.000000, 2.2799934778112558900, 5412
Rectangle(543) : 0.047234401389542496738, 7311.0000000000000000, 1340.0000000000000000, 0.000000, 2.2773568938686109477, 5356
Rectangle(544) : 0.047477508610698099384, 7236.0000000000000000, 1327.0000000000000000, 0.000000, 2.2747033733818460725, 5304
Rectangle(545) : 0.047722768888943241185, 7162.0000000000000000, 1313.0000000000000000, 0.000000, 2.2720326117313915628, 5248
Rectangle(546) : 0.047970190365029724229, 7088.0000000000000000, 1299.0000000000000000, 0.000000, 2.2693446704741248678, 5192
Rectangle(547) : 0.048219815741789617693, 7013.0000000000000000, 1286.0000000000000000, 0.000000, 2.2666392385601527477, 5140
Rectangle(548) : 0.048471724944493190022, 6939.0000000000000000, 1272.0000000000000000, 0.000000, 2.2639156081122829902, 5084
Rectangle(549) : 0.048725928087325339178, 6865.0000000000000000, 1258.0000000000000000, 0.000000, 2.2611738324048711806, 5028
Rectangle(550) : 0.048982471981339158723, 6791.0000000000000000, 1245.0000000000000000, 0.000000, 2.2584135721994615529, 4976
Rectangle(551) : 0.049241404917902177653, 6717.0000000000000000, 1231.0000000000000000, 0.000000, 2.2556344781363867792, 4920
Rectangle(552) : 0.049502776732423003436, 6644.0000000000000000, 1218.0000000000000000, 0.000000, 2.2528361903168499865, 4868
Rectangle(553) : 0.049766599157214823120, 6570.0000000000000000, 1204.0000000000000000, 0.000000, 2.2500187614471330304, 4812
Rectangle(554) : 0.050032964265502057981, 6497.0000000000000000, 1191.0000000000000000, 0.000000, 2.2471813916551328106, 4760
Rectangle(555) : 0.050301885520181930662, 6424.0000000000000000, 1177.0000000000000000, 0.000000, 2.2443241261522242576, 4704
Rectangle(556) : 0.050573417918399898323, 6350.0000000000000000, 1164.0000000000000000, 0.000000, 2.2414465729840570976, 4652
Rectangle(557) : 0.050847661473200537236, 6278.0000000000000000, 1151.0000000000000000, 0.000000, 2.2385478720443420793, 4600
Rectangle(558) : 0.051124588499649142219, 6205.0000000000000000, 1137.0000000000000000, 0.000000, 2.2356285197790823952, 4544
Rectangle(559) : 0.051404303007268655900, 6132.0000000000000000, 1124.0000000000000000, 0.000000, 2.2326876278099615267, 4492
Rectangle(560) : 0.051686867851986523077, 6059.0000000000000000, 1111.0000000000000000, 0.000000, 2.2297247514983390623, 4440
Rectangle(561) : 0.051972348088246357879, 5987.0000000000000000, 1097.0000000000000000, 0.000000, 2.2267394315325322082, 4384
Rectangle(562) : 0.052260762892243774316, 5915.0000000000000000, 1084.0000000000000000, 0.000000, 2.2237316950256922173, 4332
Rectangle(563) : 0.052552179915916756939, 5843.0000000000000000, 1071.0000000000000000, 0.000000, 2.2207010690953280132, 4280
Rectangle(564) : 0.052846669231182087764, 5771.0000000000000000, 1057.0000000000000000, 0.000000, 2.2176470649046937840, 4224
Rectangle(565) : 0.053144303447939095871, 5699.0000000000000000, 1044.0000000000000000, 0.000000, 2.2145691769168377898, 4172
Rectangle(566) : 0.053445157839396691553, 5627.0000000000000000, 1031.0000000000000000, 0.000000, 2.2114668821038568137, 4120
Rectangle(567) : 0.053749310475277952760, 5556.0000000000000000, 1018.0000000000000000, 0.000000, 2.2083396391080564361, 4068
Rectangle(568) : 0.054056787012194449599, 5484.0000000000000000, 1005.0000000000000000, 0.000000, 2.2051874539674019546, 4016
Rectangle(569) : 0.054367725643479533836, 5413.0000000000000000, 992.00000000000000000, 0.000000, 2.2020091887646015868, 3964
Rectangle(570) : 0.054682155569355129917, 5342.0000000000000000, 979.00000000000000000, 0.000000, 2.1988048331053898477, 3912
Rectangle(571) : 0.055000164710707692599, 5271.0000000000000000, 966.00000000000000000, 0.000000, 2.1955737861597578126, 3860
Rectangle(572) : 0.055321844427300323563, 5200.0000000000000000, 953.00000000000000000, 0.000000, 2.1923154249341762903, 3808
Rectangle(573) : 0.055647289701326126696, 5129.0000000000000000, 940.00000000000000000, 0.000000, 2.1890291031374276506, 3756
Rectangle(574) : 0.055976599333444946671, 5059.0000000000000000, 927.00000000000000000, 0.000000, 2.1857141499718103122, 3704
Rectangle(575) : 0.056309810274336785040, 4989.0000000000000000, 914.00000000000000000, 0.000000, 2.1823705288473175097, 3652
Rectangle(576) : 0.056647026255264289051, 4918.0000000000000000, 901.00000000000000000, 0.000000, 2.1789975430760065279, 3600
Rectangle(577) : 0.056988424698346030923, 4848.0000000000000000, 888.00000000000000000, 0.000000, 2.1755937779873010011, 3548
Rectangle(578) : 0.057334050477633840536, 4778.0000000000000000, 875.00000000000000000, 0.000000, 2.1721591593436356638, 3496
Rectangle(579) : 0.057684021000727945949, 4709.0000000000000000, 863.00000000000000000, 0.000000, 2.1686929040216883058, 3448
Rectangle(580) : 0.058038383477691566315, 4639.0000000000000000, 850.00000000000000000, 0.000000, 2.1651949387285364356, 3396
Rectangle(581) : 0.058397339058361653928, 4570.0000000000000000, 837.00000000000000000, 0.000000, 2.1616636872517336302, 3344
Rectangle(582) : 0.058760941615747153628, 4501.0000000000000000, 825.00000000000000000, 0.000000, 2.1580990446334343940, 3296
Rectangle(583) : 0.059129326206867667824, 4432.0000000000000000, 812.00000000000000000, 0.000000, 2.1545001243930245389, 3244
Rectangle(584) : 0.059502633996667537982, 4363.0000000000000000, 799.00000000000000000, 0.000000, 2.1508660022519218580, 3192
Rectangle(585) : 0.059881012635735134098, 4294.0000000000000000, 787.00000000000000000, 0.000000, 2.1471957138933843888, 3144
Rectangle(586) : 0.060264616667848171916, 4226.0000000000000000, 774.00000000000000000, 0.000000, 2.1434882525512277776, 3092
Rectangle(587) : 0.060653515923066162398, 4157.0000000000000000, 762.00000000000000000, 0.000000, 2.1397434511098922828, 3044
Rectangle(588) : 0.061047969483592958714, 4089.0000000000000000, 749.00000000000000000, 0.000000, 2.1359593439449275876, 2992
Rectangle(589) : 0.061448057364234907255, 4021.0000000000000000, 737.00000000000000000, 0.000000, 2.1321357148845753550, 2944
Rectangle(590) : 0.061853960302530001848, 3954.0000000000000000, 724.00000000000000000, 0.000000, 2.1282714064962266846, 2892
Rectangle(591) : 0.062265763895472901869, 3886.0000000000000000, 712.00000000000000000, 0.000000, 2.1243661927767903146, 2844
Rectangle(592) : 0.062683768577093280231, 3819.0000000000000000, 700.00000000000000000, 0.000000, 2.1204178396538682744, 2796
Rectangle(593) : 0.063108072803239880984, 3751.0000000000000000, 687.00000000000000000, 0.000000, 2.1164260594620108626, 2744
Rectangle(594) : 0.063539004837220688998, 3684.0000000000000000, 675.00000000000000000, 0.000000, 2.1123884357910019934, 2696
Rectangle(595) : 0.063976678136838224827, 3618.0000000000000000, 663.00000000000000000, 0.000000, 2.1083046083922518260, 2648
Rectangle(596) : 0.064421206773762561982, 3551.0000000000000000, 651.00000000000000000, 0.000000, 2.1041742347324757824, 2600
Rectangle(597) : 0.064872959585571200614, 3485.0000000000000000, 638.00000000000000000, 0.000000, 2.0999946440556466183, 2548
Rectangle(598) : 0.065332068522172533933, 3419.0000000000000000, 626.00000000000000000, 0.000000, 2.0957654081560226115, 2500
Rectangle(599) : 0.065798803066821853211, 3353.0000000000000000, 614.00000000000000000, 0.000000, 2.0914848682293555226, 2452
Rectangle(600) : 0.066273448121468246150, 3287.0000000000000000, 602.00000000000000000, 0.000000, 2.0871512760413907853, 2404
Rectangle(601) : 0.066756305217921361691, 3221.0000000000000000, 590.00000000000000000, 0.000000, 2.0827627871993180074, 2356
Rectangle(602) : 0.067247693851016461973, 3156.0000000000000000, 578.00000000000000000, 0.000000, 2.0783174537680582443, 2308
Rectangle(603) : 0.067747794438395441138, 3091.0000000000000000, 566.00000000000000000, 0.000000, 2.0738146399513574376, 2260
Rectangle(604) : 0.068256954787781192493, 3026.0000000000000000, 554.00000000000000000, 0.000000, 2.0692522537259783688, 2212
Rectangle(605) : 0.068775544428801013500, 2961.0000000000000000, 542.00000000000000000, 0.000000, 2.0646280799838235916, 2164
Rectangle(606) : 0.069303956478778664156, 2897.0000000000000000, 531.00000000000000000, 0.000000, 2.0599397704078607813, 2120
Rectangle(607) : 0.069842423779575302327, 2833.0000000000000000, 519.00000000000000000, 0.000000, 2.0551864693931405950, 2072
Rectangle(608) : 0.070391377704528758238, 2769.0000000000000000, 507.00000000000000000, 0.000000, 2.0503656363518452200, 2024
Rectangle(609) : 0.070951278620509922997, 2705.0000000000000000, 496.00000000000000000, 0.000000, 2.0454745698748540758, 1980
Rectangle(610) : 0.071522618572404508608, 2641.0000000000000000, 484.00000000000000000, 0.000000, 2.0405103934763996587, 1932
Rectangle(611) : 0.072105924287465621693, 2578.0000000000000000, 472.00000000000000000, 0.000000, 2.0354700396974627002, 1884
Rectangle(612) : 0.072701529423112426464, 2515.0000000000000000, 461.00000000000000000, 0.000000, 2.0303522126686286811, 1840
Rectangle(613) : 0.073310019368507507451, 2452.0000000000000000, 449.00000000000000000, 0.000000, 2.0251535541167729293, 1792
Rectangle(614) : 0.073932023264966223980, 2390.0000000000000000, 438.00000000000000000, 0.000000, 2.0198704694313648718, 1748
Rectangle(615) : 0.074567952331673908027, 2328.0000000000000000, 427.00000000000000000, 0.000000, 2.0145013449550218443, 1704
Rectangle(616) : 0.075218511328647714661, 2266.0000000000000000, 415.00000000000000000, 0.000000, 2.0090422166554717921, 1656
Rectangle(617) : 0.075884461115344745461, 2204.0000000000000000, 404.00000000000000000, 0.000000, 2.0034888234926470397, 1612
Rectangle(618) : 0.076566624828363187856, 2143.0000000000000000, 393.00000000000000000, 0.000000, 1.9978365761240442873, 1568
Rectangle(619) : 0.077265568634300679357, 2082.0000000000000000, 382.00000000000000000, 0.000000, 1.9920831983723248456, 1524
Rectangle(620) : 0.077982227231021296478, 2021.0000000000000000, 370.00000000000000000, 0.000000, 1.9862235647231802616, 1476
Rectangle(621) : 0.078717617416436031887, 1960.0000000000000000, 359.00000000000000000, 0.000000, 1.9802521260300810541, 1432
Rectangle(622) : 0.079472848092981991609, 1900.0000000000000000, 348.00000000000000000, 0.000000, 1.9741628601357396884, 1388
Rectangle(623) : 0.080248723282527117761, 1840.0000000000000000, 337.00000000000000000, 0.000000, 1.9679524732646839819, 1344
Rectangle(624) : 0.081046523539736185142, 1781.0000000000000000, 327.00000000000000000, 0.000000, 1.9616141331542858337, 1304
Rectangle(625) : 0.081867194024382050293, 1722.0000000000000000, 316.00000000000000000, 0.000000, 1.9551439976587501343, 1260
Rectangle(626) : 0.082712225381907456875, 1663.0000000000000000, 305.00000000000000000, 0.000000, 1.9485342589080447605, 1216
Rectangle(627) : 0.083583262218292330453, 1604.0000000000000000, 294.00000000000000000, 0.000000, 1.9417763507814066974, 1172
Rectangle(628) : 0.084482125279876748594, 1546.0000000000000000, 284.00000000000000000, 0.000000, 1.9348608444966427407, 1132
Rectangle(629) : 0.085410237080974188917, 1488.0000000000000000, 273.00000000000000000, 0.000000, 1.9277818869843046036, 1088
Rectangle(630) : 0.086369767919001275345, 1431.0000000000000000, 263.00000000000000000, 0.000000, 1.9205284609949064138, 1048
Rectangle(631) : 0.087362450281681154041, 1374.0000000000000000, 252.00000000000000000, 0.000000, 1.9130935009358952191, 1004
Rectangle(632) : 0.088390902611328821594, 1317.0000000000000000, 242.00000000000000000, 0.000000, 1.9054639894576666664, 964
Rectangle(633) : 0.089458073446148614052, 1261.0000000000000000, 232.00000000000000000, 0.000000, 1.8976253675975174498, 924
Rectangle(634) : 0.090566420288018175868, 1205.0000000000000000, 222.00000000000000000, 0.000000, 1.8895676353811600785, 884
Rectangle(635) : 0.091719588450160217427, 1150.0000000000000000, 211.00000000000000000, 0.000000, 1.8812731936085222227, 840
Rectangle(636) : 0.092920695575037193272, 1095.0000000000000000, 201.00000000000000000, 0.000000, 1.8727294900991734194, 800
Rectangle(637) : 0.094174329812570684980, 1041.0000000000000000, 192.00000000000000000, 0.000000, 1.8639148947619828909, 764
Rectangle(638) : 0.095484526637510149812, 987.00000000000000000, 182.00000000000000000, 0.000000, 1.8548133468091059473, 724
Rectangle(639) : 0.096857184537012790083, 934.00000000000000000, 172.00000000000000000, 0.000000, 1.8453977339306280106, 684
Rectangle(640) : 0.098297653202891406797, 881.00000000000000000, 162.00000000000000000, 0.000000, 1.8356470345793924610, 644
Rectangle(641) : 0.099813711130904338081, 828.00000000000000000, 153.00000000000000000, 0.000000, 1.8255264504151803744, 608
Rectangle(642) : 0.10141458848647822742, 777.00000000000000000, 143.00000000000000000, 0.000000, 1.8149950973779886161, 568
Rectangle(643) : 0.10310698886920408150, 726.00000000000000000, 134.00000000000000000, 0.000000, 1.8040325170633702635, 532
Rectangle(644) : 0.10490317690923627194, 675.00000000000000000, 125.00000000000000000, 0.000000, 1.7925864793223232872, 496
Rectangle(645) : 0.10681811984156563978, 626.00000000000000000, 116.00000000000000000, 0.000000, 1.7805939858107411008, 460
Rectangle(646) : 0.10886379713519302173, 577.00000000000000000, 107.00000000000000000, 0.000000, 1.7680179097650308570, 424
Rectangle(647) : 0.11106140183149290189, 529.00000000000000000, 98.000000000000000000, 0.000000, 1.7547729192059241296, 388
Rectangle(648) : 0.11343337332337555620, 482.00000000000000000, 90.000000000000000000, 0.000000, 1.7407783203646773376, 356
Rectangle(649) : 0.11600760220380019798, 435.00000000000000000, 81.000000000000000000, 0.000000, 1.7259358987512817587, 320
Rectangle(650) : 0.11882584564920544340, 390.00000000000000000, 73.000000000000000000, 0.000000, 1.7100882087125595305, 288
Rectangle(651) : 0.12192863592795559605, 346.00000000000000000, 65.000000000000000000, 0.000000, 1.6931122134281571717, 256
Rectangle(652) : 0.12537693712283466302, 303.00000000000000000, 57.000000000000000000, 0.000000, 1.6748077922022389439, 224
Rectangle(653) : 0.12925419056244601267, 261.00000000000000000, 50.000000000000000000, 0.000000, 1.6549083174814951607, 196
Rectangle(654) : 0.13367912664475059183, 221.00000000000000000, 43.000000000000000000, 0.000000, 1.6330453963261044584, 168
Rectangle(655) : 0.13880602889057006901, 183.00000000000000000, 36.000000000000000000, 0.000000, 1.6087934175186926734, 140
Rectangle(656) : 0.14486500931416948253, 147.00000000000000000, 29.000000000000000000, 0.000000, 1.5815488100942267498, 112
Rectangle(657) : 0.15222248421276966450, 113.00000000000000000, 23.000000000000000000, 0.000000, 1.5504024265273865345, 88
Rectangle(658) : 0.16151808090770228870, 82.000000000000000000, 17.000000000000000000, 0.000000, 1.5138639777114122790, 64
Rectangle(659) : 0.17388227575784146283, 55.000000000000000000, 13.000000000000000000, 0.000000, 1.4696759105798361990, 48

Overall winding number: 0.000000 

cpu/wall(s): 959.093 959.386
