theta      A0_max       A0_g         A0_tan       w0           C(L,L)
0.5        0.3880963224 0.3880963224 12.12085051  0.02451833957 0.06552507094
0.563913   0.3853864011 0.3853864011 11.6959407   0.04434491104 0.1202051609
0.627825   0.3821637026 0.3821637026 11.26761852  0.07747087431 0.213600743
0.691738   0.3783500843 0.3783500843 10.83227664  0.1322580505 0.3721391584
0.75565    0.3738493705 0.3738493705 10.3860706   0.2227189893 0.642039864
0.819563   0.3685426645 0.3685426645 9.92477756   0.372952627  1.106690115
0.883476   0.3622818794 0.3622818794 9.443626197  0.6257239698 1.922269139
0.947388   0.3548806054 0.3548806054 8.937082412  1.059859539  3.394823744
1.0113     0.3461008462 0.3461008462 8.398569078  1.827557593  6.158100669
1.07521    0.3356330671 0.3356330671 7.820087689  3.240062092  11.61715776

max on [0.5,1.1338]: theta*=0.5  A0_max=0.388096322442
#45 value = 0.324204954225
GLOBAL max (combining [0.5,1.1338] and [1.1338,1.56]) is at theta=1.1338: False
