theta      A0_max       A0_g         A0_tan       w0           C(L,L)     g(A0max)
0.05       0.3966838078 0.3966838078 15.33060916  1.672831474e-6 4.276770234e-6 1.0
0.10025    0.3965166142 0.3965166142 14.92796336  2.733898822e-5 6.995472655e-5 1.0
0.1505     0.3961155852 0.3961155852 14.54214194  0.0001414888131 0.0003627830516 1.0
0.20075    0.3955465067 0.3955465067 14.1702739   0.0004598771972 0.001182582942 1.0
0.25101    0.3948019591 0.3948019591 13.80982918  0.001162877861 0.003001797577 1.0
0.30126    0.3938721254 0.3938721254 13.45854357  0.002516662293 0.006527496435 1.0
0.35151    0.3927446311 0.3927446311 13.11435732  0.004905198095 0.01279676265 1.0
0.40176    0.3914042985 0.3914042985 12.77536389  0.008877793985 0.02332146659 1.0
0.45201    0.3898328354 0.3898328354 12.43976583  0.015219587  0.0403081106 1.0
0.50226    0.3880084448 0.3880084448 12.10583574  0.02505659365 0.06699426974 1.0

max on [0.05,0.55]: theta*=0.057537688  A0_max=0.39670807252  (1/A0_max=2.520745277)
target = 0.420483467794   #45 = 0.324204954225
reaches target? False
