
Searching for Barrier location candidates around N = 69098 ...

60000001046.0000000000000000000, 31.26014395, 53.14875681, 26.68654335, 4.243145513, 5.135657987, 4.546609819, 
60000022402.0000000000000000000, 23.23158030, 29.11971307, 16.96455607, 4.254992899, 4.761086488, 4.226464444, 
60000024198.0000000000000000000, 18.72803875, 45.01999695, 37.69852924, 4.197888271, 5.018055947, 4.467703327, 
60000052806.0000000000000000000, 19.96463275, 34.85496053, 23.85016944, 4.416584411, 4.911112530, 4.248847459, 
60000055344.0000000000000000000, 42.03296473, 71.35779300, 24.25193441, 4.691769998, 5.255066298, 4.154142468, 
60000061762.0000000000000000000, 22.93884980, 40.76962677, 20.59898123, 4.160676792, 4.785889115, 4.182339762, 
60000083952.0000000000000000000, 27.63745573, 53.62692475, 23.65237786, 4.616231586, 5.102867652, 4.168947176, 
